298 19 42 35 0.1310
270 7 5 37 0.6178
97 31 324 48 0.8310
194 29 317 44 0.8334
189 40 303 26 0.7748
99 9 3 32 0.4811
264 13 357 14 0.6112
97 12 353 49 0.6102
104 42 308 45 0.8648
234 36 11 45 0.5640
266 12 2 26 0.6362
99 7 5 30 0.4115
175 36 315 46 0.9080
98 2 7 26 0.5082
250 27 3 38 0.6283
295 63 61 17 0.0033
107 40 324 44 0.8471
127 36 325 52 0.8213
272 15 12 35 0.5530
265 11 5 43 0.7438
265 11 5 43 0.7438
271 6 5 31 0.5759
271 6 5 31 0.5759
101 47 294 43 0.9288
101 47 294 43 0.9288
256 24 2 32 0.6264
256 24 2 32 0.6264
246 32 6 39 0.6008
246 32 6 39 0.6008
189 29 306 38 0.8613
189 29 306 38 0.8613
264 35 34 43 0.4663
264 35 34 43 0.4663
264 35 34 43 0.4663
197 31 318 41 0.7373
197 31 318 41 0.7373
197 31 318 41 0.7373
99 5 3 45 0.4032
99 5 3 45 0.4032
99 5 3 45 0.4032
95 36 311 48 0.9058
95 36 311 48 0.9058
95 36 311 48 0.9058
95 36 311 48 0.9058
167 36 306 46 0.9151
167 36 306 46 0.9151
167 36 306 46 0.9151
167 36 306 46 0.9151
167 36 306 46 0.9151
167 36 306 46 0.9151
167 36 306 46 0.9151
167 36 306 46 0.9151
146 45 300 42 0.9818
146 45 300 42 0.9818
146 45 300 42 0.9818
146 45 300 42 0.9818
146 45 300 42 0.9818
146 45 300 42 0.9818
146 45 300 42 0.9818
146 45 300 42 0.9818
146 45 300 42 0.9818
146 45 300 42 0.9818
146 45 300 42 0.9818
