32 45 175 39 0.5085
358 43 140 41 0.4715
7 37 238 39 0.2817
322 68 115 20 0.5804
270 47 127 36 0.7967
257 45 85 45 0.8267
354 40 122 36 0.8788
293 57 117 33 0.7044
9 54 267 8 0.5359
256 40 120 41 0.8011
343 43 122 39 0.5875
25 44 187 45 0.5718
350 33 135 51 0.6791
5 59 265 6 0.2618
254 43 123 36 0.8113
349 48 130 35 0.5039
352 81 123 6 0.3327
356 40 142 45 0.6844
327 74 132 16 0.3902
269 63 102 26 0.4569
1 39 142 44 0.4884
339 46 126 39 0.8298
339 46 126 39 0.8298
359 36 130 42 0.7651
359 36 130 42 0.7651
7 70 274 1 0.0854
7 70 274 1 0.0854
50 33 210 55 0.5164
50 33 210 55 0.5164
337 60 122 25 0.6245
337 60 122 25 0.6245
351 39 137 45 0.5749
351 39 137 45 0.5749
46 60 204 28 0.0978
46 60 204 28 0.0978
318 30 96 52 0.9208
318 30 96 52 0.9208
352 51 139 34 0.5152
352 51 139 34 0.5152
349 39 128 43 0.6048
349 39 128 43 0.6048
321 51 121 37 0.8121
321 51 121 37 0.8121
310 45 105 43 0.7150
310 45 105 43 0.7150
340 59 140 30 0.5741
340 59 140 30 0.5741
73 53 227 34 0.1821
73 53 227 34 0.1821
318 73 92 12 0.5550
318 73 92 12 0.5550
318 73 92 12 0.5550
312 44 127 46 0.8312
312 44 127 46 0.8312
312 44 127 46 0.8312
32 57 189 31 0.1668
32 57 189 31 0.1668
32 57 189 31 0.1668
303 75 112 15 0.3520
303 75 112 15 0.3520
303 75 112 15 0.3520
305 43 94 43 0.8632
305 43 94 43 0.8632
305 43 94 43 0.8632
1 43 163 46 0.5075
1 43 163 46 0.5075
1 43 163 46 0.5075
1 43 163 46 0.5075
48 77 260 11 0.3600
48 77 260 11 0.3600
48 77 260 11 0.3600
48 77 260 11 0.3600
18 45 171 41 0.3155
18 45 171 41 0.3155
18 45 171 41 0.3155
18 45 171 41 0.3155
356 48 136 35 0.3805
356 48 136 35 0.3805
356 48 136 35 0.3805
356 48 136 35 0.3805
54 39 220 50 0.4537
54 39 220 50 0.4537
54 39 220 50 0.4537
54 39 220 50 0.4537
270 49 91 41 0.7506
270 49 91 41 0.7506
270 49 91 41 0.7506
270 49 91 41 0.7506
360 49 144 35 0.2892
360 49 144 35 0.2892
360 49 144 35 0.2892
360 49 144 35 0.2892
360 49 136 32 0.3566
360 49 136 32 0.3566
360 49 136 32 0.3566
360 49 136 32 0.3566
360 49 136 32 0.3566
359 50 175 40 0.5175
359 50 175 40 0.5175
359 50 175 40 0.5175
359 50 175 40 0.5175
359 50 175 40 0.5175
359 50 175 40 0.5175
81 76 323 7 0.0679
81 76 323 7 0.0679
81 76 323 7 0.0679
81 76 323 7 0.0679
81 76 323 7 0.0679
81 76 323 7 0.0679
81 76 323 7 0.0679
81 76 323 7 0.0679
0 42 146 43 0.4705
0 42 146 43 0.4705
0 42 146 43 0.4705
0 42 146 43 0.4705
0 42 146 43 0.4705
0 42 146 43 0.4705
0 42 146 43 0.4705
0 42 146 43 0.4705
0 42 146 43 0.4705
0 42 146 43 0.4705
354 42 140 43 0.7756
354 42 140 43 0.7756
354 42 140 43 0.7756
354 42 140 43 0.7756
354 42 140 43 0.7756
354 42 140 43 0.7756
354 42 140 43 0.7756
354 42 140 43 0.7756
354 42 140 43 0.7756
354 42 140 43 0.7756
354 42 140 43 0.7756
354 42 140 43 0.7756
354 42 140 43 0.7756
354 42 140 43 0.7756
