169 72 15 16 0.1296
113 57 219 10 0.5854
128 12 32 27 0.6459
333 64 217 12 0.5278
133 16 35 25 0.7683
80 74 333 5 0.1724
165 30 265 16 0.2020
180 48 65 21 0.3595
138 37 239 14 0.7682
262 89 29 1 0.2245
229 53 36 37 0.3809
146 23 46 20 0.8059
299 35 42 18 0.9561
332 35 220 28 0.9351
245 51 48 38 0.2372
151 40 250 11 0.5355
301 25 42 22 0.8545
159 45 48 20 0.8482
141 51 240 7 0.7631
216 53 335 19 0.6858
318 11 49 4 0.5801
248 62 50 27 0.6248
222 70 78 17 0.1317
97 47 202 14 0.2400
245 69 154 0 0.2993
66 53 221 35 0.5938
318 14 48 2 0.5246
321 28 217 23 0.9185
106 78 299 12 0.3344
204 75 59 12 0.8429
85 62 221 21 0.1311
228 58 42 32 0.0330
55 65 239 25 0.1597
143 28 40 23 0.8737
143 83 267 4 0.2205
192 68 54 17 0.1090
85 73 185 3 0.3577
312 5 43 13 0.6376
151 60 334 30 0.3345
208 64 62 22 0.0565
115 26 221 29 0.9868
72 63 291 21 0.0478
71 73 320 6 0.6463
132 38 229 9 0.7944
213 65 41 25 0.1783
230 47 46 43 0.4783
97 57 192 3 0.2312
132 13 223 3 0.8269
143 21 52 1 0.7728
101 69 253 19 0.5353
330 32 233 12 0.9040
212 68 64 19 0.1978
229 59 54 30 0.5763
186 72 40 15 0.0548
129 5 37 23 0.6712
47 70 314 1 0.1913
296 56 44 12 0.7248
173 45 37 36 0.9155
245 58 27 26 0.1329
47 72 246 17 0.0540
137 21 41 15 0.8479
316 0 46 11 0.6608
186 52 71 18 0.2410
141 72 285 15 0.4732
51 71 223 18 0.3117
113 70 17 2 0.3082
247 71 35 16 0.3415
308 73 184 10 0.4240
102 71 211 6 0.4225
142 77 331 12 0.1121
82 61 327 13 0.3300
190 66 50 19 0.6062
190 66 50 19 0.6062
273 77 47 9 0.6543
273 77 47 9 0.6543
354 50 222 30 0.9510
354 50 222 30 0.9510
72 72 231 17 0.6031
72 72 231 17 0.6031
205 59 336 21 0.5213
205 59 336 21 0.5213
228 53 55 36 0.3675
228 53 55 36 0.3675
131 33 230 14 0.8569
131 33 230 14 0.8569
233 55 141 2 0.6466
233 55 141 2 0.6466
267 63 15 9 0.1974
267 63 15 9 0.1974
65 60 206 24 0.0916
65 60 206 24 0.0916
247 57 19 24 0.1223
247 57 19 24 0.1223
115 43 232 25 0.9308
115 43 232 25 0.9308
199 87 6 3 0.1321
199 87 6 3 0.1321
45 63 223 27 0.8294
45 63 223 27 0.8294
99 50 220 23 0.9286
99 50 220 23 0.9286
90 42 217 34 0.4317
90 42 217 34 0.4317
137 17 45 5 0.7318
137 17 45 5 0.7318
61 69 228 21 0.2000
61 69 228 21 0.2000
231 51 41 38 0.3680
231 51 41 38 0.3680
159 89 39 1 0.4245
159 89 39 1 0.4245
80 72 320 9 0.3111
80 72 320 9 0.3111
209 69 341 15 0.3428
209 69 341 15 0.3428
315 1 45 10 0.5971
315 1 45 10 0.5971
211 62 51 26 0.4273
211 62 51 26 0.4273
189 65 65 15 0.3986
189 65 65 15 0.3986
314 5 223 19 0.6913
314 5 223 19 0.6913
176 78 64 5 0.2219
176 78 64 5 0.2219
136 15 42 14 0.7447
136 15 42 14 0.7447
136 15 42 14 0.7447
137 63 251 12 0.5614
137 63 251 12 0.5614
137 63 251 12 0.5614
120 48 231 18 0.7546
120 48 231 18 0.7546
120 48 231 18 0.7546
217 76 322 4 0.2592
217 76 322 4 0.2592
217 76 322 4 0.2592
325 31 224 18 0.8217
325 31 224 18 0.8217
325 31 224 18 0.8217
236 74 45 16 0.2033
236 74 45 16 0.2033
236 74 45 16 0.2033
354 62 108 12 0.4570
354 62 108 12 0.4570
354 62 108 12 0.4570
137 50 234 5 0.9787
137 50 234 5 0.9787
137 50 234 5 0.9787
222 75 2 11 0.1532
222 75 2 11 0.1532
222 75 2 11 0.1532
61 63 157 3 0.0289
61 63 157 3 0.0289
61 63 157 3 0.0289
243 67 51 22 0.7822
243 67 51 22 0.7822
243 67 51 22 0.7822
243 67 51 22 0.7822
166 68 29 16 0.4461
166 68 29 16 0.4461
166 68 29 16 0.4461
166 68 29 16 0.4461
54 60 234 30 0.6038
54 60 234 30 0.6038
54 60 234 30 0.6038
54 60 234 30 0.6038
184 77 43 10 0.5117
184 77 43 10 0.5117
184 77 43 10 0.5117
184 77 43 10 0.5117
114 53 231 19 0.6811
114 53 231 19 0.6811
114 53 231 19 0.6811
114 53 231 19 0.6811
180 61 68 12 0.1674
180 61 68 12 0.1674
180 61 68 12 0.1674
180 61 68 12 0.1674
282 70 30 6 0.4553
282 70 30 6 0.4553
282 70 30 6 0.4553
282 70 30 6 0.4553
355 79 218 8 0.6060
355 79 218 8 0.6060
355 79 218 8 0.6060
355 79 218 8 0.6060
355 79 218 8 0.6060
113 76 225 5 0.6932
113 76 225 5 0.6932
113 76 225 5 0.6932
113 76 225 5 0.6932
113 76 225 5 0.6932
162 75 36 9 0.2765
162 75 36 9 0.2765
162 75 36 9 0.2765
162 75 36 9 0.2765
162 75 36 9 0.2765
162 75 36 9 0.2765
281 73 44 10 0.3168
281 73 44 10 0.3168
281 73 44 10 0.3168
281 73 44 10 0.3168
281 73 44 10 0.3168
281 73 44 10 0.3168
223 78 58 12 0.1851
223 78 58 12 0.1851
223 78 58 12 0.1851
223 78 58 12 0.1851
223 78 58 12 0.1851
223 78 58 12 0.1851
223 78 58 12 0.1851
24 70 224 19 0.8005
24 70 224 19 0.8005
24 70 224 19 0.8005
24 70 224 19 0.8005
24 70 224 19 0.8005
24 70 224 19 0.8005
24 70 224 19 0.8005
