215 46 327 20 0.2418
137 63 314 27 0.1715
23 49 250 31 0.2802
360 19 97 20 0.2963
213 33 123 1 0.6372
6 12 100 19 0.5061
32 27 130 16 0.6354
357 62 125 18 0.5280
51 11 146 22 0.9031
237 24 343 31 0.1447
231 18 336 37 0.2978
358 6 258 61 0.4368
208 50 334 26 0.3791
230 37 332 15 0.4397
232 21 335 30 0.7111
52 29 302 31 0.5698
213 27 122 2 0.4989
212 24 357 61 0.4878
68 3 159 17 0.6061
210 15 19 75 0.6485
199 32 338 50 0.5476
202 38 334 40 0.7046
8 9 100 14 0.6172
232 14 331 30 0.6849
205 35 2 53 0.6125
162 35 357 54 0.2401
305 20 69 57 0.4471
169 3 76 44 0.1957
22 41 262 31 0.0937
224 4 133 24 0.6247
352 7 260 15 0.5381
28 32 130 18 0.9007
187 22 60 56 0.4894
7 15 102 20 0.4178
247 5 154 24 0.5246
49 34 295 32 0.4761
38 11 307 5 0.3285
4 10 98 23 0.5906
148 30 349 58 0.2566
227 18 345 55 0.4848
50 2 146 70 0.7681
31 32 170 50 0.9620
184 10 64 70 0.6694
181 37 313 41 0.1925
236 9 329 18 0.6143
38 21 293 34 0.3116
5 17 100 15 0.5114
148 59 342 30 0.7617
212 21 120 5 0.6612
56 27 302 38 0.5625
39 26 282 42 0.2935
342 6 80 57 0.5062
182 2 78 80 0.2717
183 36 343 52 0.3550
39 36 287 28 0.3125
342 12 101 66 0.6717
247 15 144 40 0.5498
224 10 131 17 0.6686
38 17 298 30 0.4051
8 41 130 32 0.6973
5 14 98 12 0.5623
2 18 116 51 0.2834
230 39 338 21 0.4272
34 29 282 34 0.4299
250 16 352 37 0.3163
333 20 134 69 0.5996
301 7 47 67 0.9222
35 28 293 21 0.2335
35 28 293 21 0.2335
172 36 308 45 0.1363
172 36 308 45 0.1363
185 18 29 71 0.5095
185 18 29 71 0.5095
180 13 89 4 0.4102
180 13 89 4 0.4102
241 29 139 21 0.3808
241 29 139 21 0.3808
17 17 160 69 0.7759
17 17 160 69 0.7759
194 47 7 43 0.9372
194 47 7 43 0.9372
281 5 147 83 0.8195
281 5 147 83 0.8195
222 28 335 36 0.7265
222 28 335 36 0.7265
38 26 285 39 0.3361
38 26 285 39 0.3361
80 72 320 9 0.3111
80 72 320 9 0.3111
232 17 334 34 0.5657
232 17 334 34 0.5657
211 35 304 4 0.5828
211 35 304 4 0.5828
216 53 335 19 0.6858
216 53 335 19 0.6858
237 22 139 19 0.8411
237 22 139 19 0.8411
71 3 164 49 0.8635
71 3 164 49 0.8635
333 22 179 66 0.8549
333 22 179 66 0.8549
163 35 285 37 0.0625
163 35 285 37 0.0625
163 35 285 37 0.0625
163 35 285 37 0.0625
171 14 60 56 0.4029
171 14 60 56 0.4029
171 14 60 56 0.4029
171 14 60 56 0.4029
233 32 129 21 0.1358
233 32 129 21 0.1358
233 32 129 21 0.1358
233 32 129 21 0.1358
328 6 183 83 0.9214
328 6 183 83 0.9214
328 6 183 83 0.9214
328 6 183 83 0.9214
180 39 341 49 0.3743
180 39 341 49 0.3743
180 39 341 49 0.3743
180 39 341 49 0.3743
213 26 337 49 0.5457
213 26 337 49 0.5457
213 26 337 49 0.5457
213 26 337 49 0.5457
359 43 173 47 0.2219
359 43 173 47 0.2219
359 43 173 47 0.2219
359 43 173 47 0.2219
207 33 116 2 0.4973
207 33 116 2 0.4973
207 33 116 2 0.4973
207 33 116 2 0.4973
207 33 116 2 0.4973
346 11 150 79 0.8897
346 11 150 79 0.8897
346 11 150 79 0.8897
346 11 150 79 0.8897
346 11 150 79 0.8897
346 11 150 79 0.8897
346 11 150 79 0.8897
346 11 150 79 0.8897
346 11 150 79 0.8897
346 11 150 79 0.8897
346 11 150 79 0.8897
346 11 150 79 0.8897
346 11 150 79 0.8897
346 11 150 79 0.8897
346 11 150 79 0.8897
346 11 150 79 0.8897
