258 30 355 12 0.7105
249 9 346 39 0.2195
80 41 180 11 0.8595
263 3 172 9 0.5198
267 20 359 7 0.2768
60 20 154 10 0.6414
63 37 159 7 0.8719
258 13 348 3 0.3244
224 4 314 2 0.3513
222 59 331 11 0.5692
250 7 159 11 0.7342
274 61 160 13 0.7579
46 37 316 1 0.7287
136 76 318 14 0.5122
67 3 336 4 0.7480
239 21 143 14 0.6303
52 35 317 7 0.7018
80 53 334 12 0.5485
215 16 310 14 0.1849
251 8 345 24 0.2233
247 15 156 1 0.7518
80 2 171 17 0.9612
232 22 51 68 0.1898
58 17 151 10 0.3819
245 49 141 12 0.7983
237 2 327 12 0.1607
263 16 357 12 0.4578
236 46 335 8 0.5755
79 15 347 6 0.7123
259 7 166 27 0.6994
78 16 168 0 0.8513
65 16 157 10 0.8707
57 35 316 16 0.8636
245 12 153 13 0.1189
218 0 308 3 0.4932
264 18 152 50 0.0613
236 10 143 20 0.2174
73 18 318 52 0.2800
64 31 154 1 0.7865
5 73 171 17 0.7427
259 30 160 14 0.8977
341 84 179 6 0.7362
62 29 155 5 0.8921
51 25 320 2 0.7314
72 28 171 16 0.7583
84 38 353 1 0.4322
224 18 336 49 0.1550
51 26 141 0 0.4964
63 54 323 7 0.7654
34 9 129 30 0.1199
59 17 158 26 0.5049
98 84 331 4 0.4078
83 45 175 3 0.6130
253 52 356 10 0.9247
231 8 140 2 0.2508
251 9 344 23 0.3445
241 8 339 44 0.1823
46 42 167 30 0.9024
263 12 173 2 0.4506
244 16 335 2 0.3737
82 1 352 21 0.1688
182 83 335 6 0.7489
113 74 336 12 0.8523
228 13 321 11 0.6406
78 83 310 4 0.3807
85 65 176 0 0.7310
247 15 144 41 0.2750
237 19 329 7 0.1905
261 10 165 29 0.5959
260 7 169 11 0.6448
250 15 350 31 0.0919
54 27 153 18 0.7867
238 23 147 3 0.5492
49 29 140 1 0.7926
252 25 160 4 0.7515
45 16 139 12 0.6113
245 23 336 2 0.5985
76 37 342 6 0.5962
225 51 350 25 0.8483
233 49 141 1 0.7493
261 43 161 11 0.7913
244 13 341 27 0.3148
245 15 336 3 0.6895
247 22 338 2 0.6971
253 14 344 1 0.6329
255 38 354 11 0.8599
49 22 145 15 0.8281
248 9 157 3 0.3056
82 1 352 0 0.3234
234 19 123 46 0.1226
248 32 346 11 0.7762
237 32 143 6 0.7565
225 23 133 3 0.1770
264 21 356 5 0.1899
80 72 320 9 0.3111
51 53 172 21 0.6752
271 21 179 5 0.6474
256 17 155 31 0.1100
234 21 325 3 0.3090
83 17 352 3 0.6752
243 3 151 31 0.6946
238 19 146 5 0.5741
231 31 138 6 0.4668
54 40 318 8 0.7735
254 1 164 19 0.8505
240 10 346 57 0.3800
254 16 160 12 0.7135
261 21 154 38 0.0896
86 42 182 7 0.8383
231 14 323 7 0.7155
87 26 178 2 0.4024
53 10 144 4 0.2015
258 12 165 10 0.8071
252 14 159 9 0.7695
249 0 339 18 0.5162
252 50 158 4 0.6979
236 14 337 39 0.1535
241 17 151 1 0.4860
240 35 145 8 0.8518
82 31 173 2 0.9424
249 10 343 20 0.3246
251 3 342 16 0.4305
250 12 155 25 0.0717
56 45 171 23 0.7730
234 16 330 20 0.1864
64 26 157 7 0.8697
62 4 153 16 0.7243
226 2 317 27 0.3271
243 9 338 32 0.2515
211 23 313 26 0.0431
77 49 178 10 0.9487
60 19 155 14 0.8285
246 29 155 2 0.6526
231 2 321 18 0.5731
55 35 166 27 0.9661
268 15 173 17 0.8306
253 4 344 5 0.3696
64 33 331 5 0.8987
65 51 173 14 0.7426
228 14 319 2 0.4271
83 13 353 0 0.7915
72 56 320 14 0.5588
81 5 350 1 0.4791
233 14 324 4 0.5689
259 34 168 1 0.8549
150 75 345 15 0.5518
259 20 168 2 0.8015
212 20 118 11 0.3036
83 14 174 2 0.5999
250 20 160 1 0.5743
265 16 158 46 0.1264
265 12 175 2 0.3503
259 14 144 59 0.2076
216 20 309 7 0.2203
247 12 153 19 0.7041
77 8 346 7 0.6315
238 64 126 10 0.6933
316 76 147 14 0.5966
61 39 330 1 0.8197
233 14 330 25 0.1303
232 19 139 11 0.3745
75 53 181 12 0.8975
78 3 170 22 0.6773
261 2 171 1 0.5790
261 2 171 1 0.5790
74 58 342 1 0.7018
74 58 342 1 0.7018
239 24 331 3 0.3208
239 24 331 3 0.3208
238 22 147 3 0.3708
238 22 147 3 0.3708
63 2 330 49 0.3497
63 2 330 49 0.3497
240 14 334 17 0.2634
240 14 334 17 0.2634
255 13 345 0 0.5751
255 13 345 0 0.5751
251 21 157 9 0.1049
251 21 157 9 0.1049
250 18 149 30 0.1492
250 18 149 30 0.1492
113 74 345 10 0.1945
113 74 345 10 0.1945
259 9 165 23 0.8581
259 9 165 23 0.8581
237 17 346 48 0.1085
237 17 346 48 0.1085
237 19 143 10 0.4827
237 19 143 10 0.4827
263 16 164 30 0.4583
263 16 164 30 0.4583
73 38 343 1 0.9069
73 38 343 1 0.9069
249 10 154 28 0.5993
249 10 154 28 0.5993
58 66 168 9 0.7971
58 66 168 9 0.7971
250 63 342 1 0.8463
250 63 342 1 0.8463
239 32 136 21 0.8770
239 32 136 21 0.8770
227 25 321 8 0.9015
227 25 321 8 0.9015
256 19 166 2 0.2816
256 19 166 2 0.2816
256 19 166 2 0.2816
261 38 351 0 0.9416
261 38 351 0 0.9416
261 38 351 0 0.9416
264 28 172 4 0.8980
264 28 172 4 0.8980
264 28 172 4 0.8980
264 28 172 4 0.8980
71 73 320 6 0.6463
71 73 320 6 0.6463
71 73 320 6 0.6463
71 73 320 6 0.6463
253 76 157 2 0.5713
253 76 157 2 0.5713
253 76 157 2 0.5713
253 76 157 2 0.5713
262 15 172 1 0.2170
262 15 172 1 0.2170
262 15 172 1 0.2170
262 15 172 1 0.2170
262 15 172 1 0.2170
