333 37 173 51 0.3814
285 63 94 27 0.1005
102 71 211 6 0.4225
319 33 180 49 0.2404
32 14 137 46 0.9479
357 42 178 48 0.7749
321 57 131 33 0.4124
15 35 141 40 0.9381
312 44 127 46 0.8312
1 67 213 20 0.3849
321 51 201 22 0.2691
340 46 221 25 0.4790
295 63 61 17 0.0033
328 53 135 36 0.5778
345 53 161 37 0.5485
307 67 145 22 0.0218
303 75 112 15 0.3520
320 61 140 29 0.8736
321 47 185 34 0.5134
7 60 167 29 0.6042
157 12 302 75 0.9840
149 65 333 25 0.2721
342 51 153 39 0.7807
3 43 166 46 0.9002
47 10 158 64 0.8952
317 63 131 27 0.4744
321 69 130 21 0.0581
234 66 135 4 0.2208
333 60 136 29 0.3972
348 33 212 48 0.8066
341 40 135 47 0.8273
8 72 154 15 0.2122
325 57 144 33 0.5312
341 59 143 30 0.8489
15 40 175 49 0.9664
63 18 174 49 0.8820
294 55 156 27 0.1104
230 5 132 58 0.5627
113 70 17 2 0.3082
222 75 2 11 0.1532
341 42 208 37 0.5423
265 65 54 22 0.0991
15 77 214 12 0.2463
85 78 289 11 0.1358
85 78 289 11 0.1358
129 75 321 15 0.1535
129 75 321 15 0.1535
71 3 164 49 0.8635
71 3 164 49 0.8635
339 87 76 0 0.1945
339 87 76 0 0.1945
3 69 180 21 0.4964
3 69 180 21 0.4964
334 44 154 46 0.8243
334 44 154 46 0.8243
301 48 141 40 0.9110
301 48 141 40 0.9110
350 41 212 40 0.6106
350 41 212 40 0.6106
70 78 202 8 0.2239
70 78 202 8 0.2239
70 78 202 8 0.2239
338 23 216 51 0.8893
338 23 216 51 0.8893
338 23 216 51 0.8893
132 86 294 3 0.1258
132 86 294 3 0.1258
132 86 294 3 0.1258
328 6 183 83 0.9214
328 6 183 83 0.9214
328 6 183 83 0.9214
328 6 183 83 0.9214
51 71 223 18 0.3117
51 71 223 18 0.3117
51 71 223 18 0.3117
51 71 223 18 0.3117
334 68 132 20 0.2215
334 68 132 20 0.2215
334 68 132 20 0.2215
334 68 132 20 0.2215
217 76 322 4 0.2592
217 76 322 4 0.2592
217 76 322 4 0.2592
217 76 322 4 0.2592
349 40 215 40 0.7600
349 40 215 40 0.7600
349 40 215 40 0.7600
349 40 215 40 0.7600
349 40 215 40 0.7600
132 80 247 4 0.1302
132 80 247 4 0.1302
132 80 247 4 0.1302
132 80 247 4 0.1302
132 80 247 4 0.1302
132 80 247 4 0.1302
108 65 211 6 0.1240
108 65 211 6 0.1240
108 65 211 6 0.1240
108 65 211 6 0.1240
108 65 211 6 0.1240
108 65 211 6 0.1240
108 65 211 6 0.1240
124 83 304 7 0.1429
124 83 304 7 0.1429
124 83 304 7 0.1429
124 83 304 7 0.1429
124 83 304 7 0.1429
124 83 304 7 0.1429
124 83 304 7 0.1429
81 76 323 7 0.0679
81 76 323 7 0.0679
81 76 323 7 0.0679
81 76 323 7 0.0679
81 76 323 7 0.0679
81 76 323 7 0.0679
81 76 323 7 0.0679
81 76 323 7 0.0679
31 84 236 5 0.1750
31 84 236 5 0.1750
31 84 236 5 0.1750
31 84 236 5 0.1750
31 84 236 5 0.1750
31 84 236 5 0.1750
31 84 236 5 0.1750
31 84 236 5 0.1750
31 84 236 5 0.1750
142 77 331 12 0.1121
142 77 331 12 0.1121
142 77 331 12 0.1121
142 77 331 12 0.1121
142 77 331 12 0.1121
142 77 331 12 0.1121
142 77 331 12 0.1121
142 77 331 12 0.1121
142 77 331 12 0.1121
142 77 331 12 0.1121
142 77 331 12 0.1121
142 77 331 12 0.1121
58 79 226 11 0.1452
58 79 226 11 0.1452
58 79 226 11 0.1452
58 79 226 11 0.1452
58 79 226 11 0.1452
58 79 226 11 0.1452
58 79 226 11 0.1452
58 79 226 11 0.1452
58 79 226 11 0.1452
58 79 226 11 0.1452
58 79 226 11 0.1452
58 79 226 11 0.1452
