275 42 95 48 0.3829
333 22 179 66 0.8549
299 46 93 41 0.1124
312 25 191 49 0.9974
338 28 226 35 0.8190
32 4 172 85 0.7366
294 19 124 70 0.7474
323 34 222 17 0.6638
227 25 114 40 0.1012
263 53 137 24 0.1009
346 39 227 31 0.7089
238 8 117 75 0.7546
330 17 219 50 0.5656
289 8 179 67 0.9544
330 35 195 45 0.5715
350 39 225 35 0.6391
267 52 85 38 0.3159
219 7 44 83 0.7633
332 14 210 65 0.9953
301 59 99 29 0.0287
348 29 223 46 0.6519
3 42 230 37 0.8546
319 54 222 5 0.3949
301 40 126 50 0.3547
334 11 228 56 0.8232
78 9 202 74 0.8526
324 14 198 67 0.8620
349 24 113 52 0.6018
17 8 191 82 0.9719
337 42 211 34 0.6068
275 43 114 45 0.4151
330 33 220 27 0.5257
330 33 220 27 0.5257
232 18 124 43 0.3223
232 18 124 43 0.3223
346 38 213 41 0.6983
346 38 213 41 0.6983
352 46 217 34 0.4108
352 46 217 34 0.4108
353 36 224 41 0.7328
353 36 224 41 0.7328
275 41 96 49 0.4972
275 41 96 49 0.4972
325 16 192 67 0.5945
325 16 192 67 0.5945
327 33 205 39 0.5662
327 33 205 39 0.5662
343 30 208 50 0.8359
343 30 208 50 0.8359
309 5 73 80 0.7984
309 5 73 80 0.7984
311 38 182 39 0.4962
311 38 182 39 0.4962
320 29 197 45 0.7325
320 29 197 45 0.7325
333 37 173 51 0.3814
333 37 173 51 0.3814
295 63 61 17 0.0033
295 63 61 17 0.0033
327 31 206 41 0.5870
327 31 206 41 0.5870
343 26 211 54 0.7202
343 26 211 54 0.7202
4 38 224 45 0.8910
4 38 224 45 0.8910
4 38 224 45 0.8910
134 7 273 81 0.8657
134 7 273 81 0.8657
134 7 273 81 0.8657
322 6 208 76 0.7240
322 6 208 76 0.7240
322 6 208 76 0.7240
226 10 115 65 0.3906
226 10 115 65 0.3906
226 10 115 65 0.3906
280 46 103 44 0.2830
280 46 103 44 0.2830
280 46 103 44 0.2830
340 25 224 44 0.7101
340 25 224 44 0.7101
340 25 224 44 0.7101
350 28 211 54 0.5667
350 28 211 54 0.5667
350 28 211 54 0.5667
331 42 192 40 0.2392
331 42 192 40 0.2392
331 42 192 40 0.2392
272 51 103 39 0.1543
272 51 103 39 0.1543
272 51 103 39 0.1543
285 63 94 27 0.1005
285 63 94 27 0.1005
285 63 94 27 0.1005
348 33 212 48 0.8066
348 33 212 48 0.8066
348 33 212 48 0.8066
349 37 226 36 0.8082
349 37 226 36 0.8082
349 37 226 36 0.8082
328 36 196 43 0.6671
328 36 196 43 0.6671
328 36 196 43 0.6671
319 33 180 49 0.2404
319 33 180 49 0.2404
319 33 180 49 0.2404
319 33 180 49 0.2404
227 3 123 77 0.5896
227 3 123 77 0.5896
227 3 123 77 0.5896
227 3 123 77 0.5896
306 14 124 76 0.8274
306 14 124 76 0.8274
306 14 124 76 0.8274
306 14 124 76 0.8274
324 31 209 35 0.6825
324 31 209 35 0.6825
324 31 209 35 0.6825
324 31 209 35 0.6825
336 18 222 52 0.7645
336 18 222 52 0.7645
336 18 222 52 0.7645
336 18 222 52 0.7645
336 18 222 52 0.7645
338 14 205 70 0.6957
338 14 205 70 0.6957
338 14 205 70 0.6957
338 14 205 70 0.6957
338 14 205 70 0.6957
338 14 205 70 0.6957
351 21 200 66 0.6412
351 21 200 66 0.6412
351 21 200 66 0.6412
351 21 200 66 0.6412
351 21 200 66 0.6412
351 21 200 66 0.6412
351 21 200 66 0.6412
339 5 228 77 0.8776
339 5 228 77 0.8776
339 5 228 77 0.8776
339 5 228 77 0.8776
339 5 228 77 0.8776
339 5 228 77 0.8776
339 5 228 77 0.8776
349 40 215 40 0.7600
349 40 215 40 0.7600
349 40 215 40 0.7600
349 40 215 40 0.7600
349 40 215 40 0.7600
349 40 215 40 0.7600
349 40 215 40 0.7600
349 40 215 40 0.7600
349 40 215 40 0.7600
349 40 215 40 0.7600
349 40 215 40 0.7600
338 23 216 51 0.8893
338 23 216 51 0.8893
338 23 216 51 0.8893
338 23 216 51 0.8893
338 23 216 51 0.8893
338 23 216 51 0.8893
338 23 216 51 0.8893
338 23 216 51 0.8893
338 23 216 51 0.8893
338 23 216 51 0.8893
338 23 216 51 0.8893
338 23 216 51 0.8893
338 23 216 51 0.8893
338 23 216 51 0.8893
338 23 216 51 0.8893
338 23 216 51 0.8893
338 23 216 51 0.8893
328 6 183 83 0.9214
328 6 183 83 0.9214
328 6 183 83 0.9214
328 6 183 83 0.9214
328 6 183 83 0.9214
328 6 183 83 0.9214
328 6 183 83 0.9214
328 6 183 83 0.9214
328 6 183 83 0.9214
328 6 183 83 0.9214
328 6 183 83 0.9214
328 6 183 83 0.9214
328 6 183 83 0.9214
328 6 183 83 0.9214
328 6 183 83 0.9214
328 6 183 83 0.9214
328 6 183 83 0.9214
328 6 183 83 0.9214
328 6 183 83 0.9214
328 6 183 83 0.9214
328 6 183 83 0.9214
328 6 183 83 0.9214
328 6 183 83 0.9214
328 6 183 83 0.9214
328 6 183 83 0.9214
328 6 183 83 0.9214
328 6 183 83 0.9214
328 6 183 83 0.9214
328 6 183 83 0.9214
328 6 183 83 0.9214
328 6 183 83 0.9214
328 6 183 83 0.9214
328 6 183 83 0.9214
328 6 183 83 0.9214
328 6 183 83 0.9214
328 6 183 83 0.9214
328 6 183 83 0.9214
