196 20 299 32 0.0967
79 14 337 40 0.1935
205 26 107 17 0.3134
72 22 162 1 0.5023
85 21 336 39 0.0928
67 7 336 11 0.3295
83 18 205 58 0.3543
27 16 127 31 0.6802
238 2 330 44 0.3135
133 17 37 19 0.2144
231 9 324 19 0.4498
238 22 147 3 0.3708
218 50 113 12 0.7309
103 17 214 50 0.6092
63 24 322 22 0.4201
49 41 238 49 0.5763
17 33 112 7 0.5595
5 35 267 11 0.6843
61 25 172 36 0.0929
227 26 61 63 0.3664
230 6 322 21 0.4594
228 36 132 8 0.5091
252 34 159 4 0.8397
75 24 204 54 0.4171
65 22 326 21 0.3664
61 28 324 13 0.5685
27 22 137 40 0.7352
255 53 144 15 0.5847
223 47 122 10 0.3641
244 10 334 4 0.4761
240 14 334 17 0.2634
231 44 123 17 0.3307
26 20 133 40 0.5856
109 9 211 52 0.5494
75 24 336 21 0.2469
62 17 160 27 0.1583
228 30 134 7 0.5631
233 9 141 12 0.5677
71 18 336 16 0.3265
253 43 149 14 0.1966
56 25 158 24 0.1633
64 10 333 7 0.4467
196 22 102 9 0.2203
61 30 208 56 0.2301
39 42 263 39 0.4580
62 18 326 18 0.4383
83 23 343 21 0.2888
80 11 335 54 0.2302
116 25 21 9 0.6425
65 14 327 28 0.2179
71 18 161 1 0.5130
72 11 332 44 0.2849
63 11 326 33 0.3317
55 35 311 19 0.6920
70 22 165 11 0.1087
64 18 323 30 0.1223
211 34 110 15 0.3533
211 34 110 15 0.3533
55 0 325 21 0.4942
55 0 325 21 0.4942
239 33 138 15 0.3185
239 33 138 15 0.3185
239 1 330 8 0.5719
239 1 330 8 0.5719
70 0 339 42 0.3403
70 0 339 42 0.3403
68 13 328 36 0.2131
68 13 328 36 0.2131
62 36 253 54 0.3254
62 36 253 54 0.3254
60 17 157 22 0.2553
60 17 157 22 0.2553
249 31 154 8 0.7985
249 31 154 8 0.7985
61 17 325 20 0.4627
61 17 325 20 0.4627
61 17 325 20 0.4627
63 33 238 57 0.3706
63 33 238 57 0.3706
63 33 238 57 0.3706
78 18 341 19 0.2134
78 18 341 19 0.2134
78 18 341 19 0.2134
64 28 243 62 0.2321
64 28 243 62 0.2321
64 28 243 62 0.2321
65 16 329 21 0.1696
65 16 329 21 0.1696
65 16 329 21 0.1696
73 21 338 14 0.1802
73 21 338 14 0.1802
73 21 338 14 0.1802
71 29 212 54 0.5756
71 29 212 54 0.5756
71 29 212 54 0.5756
71 29 212 54 0.5756
78 21 333 33 0.1366
78 21 333 33 0.1366
78 21 333 33 0.1366
78 21 333 33 0.1366
78 21 333 33 0.1366
78 21 333 33 0.1366
78 21 333 33 0.1366
70 20 194 56 0.0678
70 20 194 56 0.0678
70 20 194 56 0.0678
70 20 194 56 0.0678
70 20 194 56 0.0678
70 20 194 56 0.0678
70 20 194 56 0.0678
70 20 194 56 0.0678
70 20 194 56 0.0678
70 20 194 56 0.0678
68 17 331 21 0.2730
68 17 331 21 0.2730
68 17 331 21 0.2730
68 17 331 21 0.2730
68 17 331 21 0.2730
68 17 331 21 0.2730
68 17 331 21 0.2730
68 17 331 21 0.2730
68 17 331 21 0.2730
68 17 331 21 0.2730
68 17 331 21 0.2730
68 17 331 21 0.2730
