358 74 93 1 0.7526
191 24 296 32 0.5714
192 23 101 3 0.5041
186 29 81 26 0.3539
184 31 90 7 0.2085
183 28 80 23 0.1514
344 32 103 38 0.7629
300 53 102 36 0.8305
191 26 287 12 0.6676
180 44 274 5 0.3908
79 11 173 22 0.3674
2 23 269 8 0.3834
187 33 287 16 0.6114
345 40 102 28 0.8465
200 2 291 19 0.8303
342 40 115 39 0.7984
325 70 82 10 0.3235
4 58 103 6 0.2563
6 27 249 41 0.1653
191 26 291 19 0.7990
337 42 102 33 0.8616
340 64 97 13 0.7997
108 65 211 6 0.1240
185 41 80 17 0.4365
178 33 302 41 0.1174
185 26 74 36 0.1051
183 42 326 41 0.7095
344 37 105 34 0.7665
333 38 117 46 0.7415
347 30 104 37 0.8688
344 38 100 29 0.7210
80 32 199 37 0.4460
348 30 85 12 0.7884
50 68 205 20 0.1194
50 68 205 20 0.1194
101 77 267 13 0.1650
101 77 267 13 0.1650
109 65 234 15 0.1276
109 65 234 15 0.1276
109 65 234 15 0.1276
109 65 234 15 0.1276
8 64 150 21 0.2885
8 64 150 21 0.2885
8 64 150 21 0.2885
8 64 150 21 0.2885
8 64 150 21 0.2885
348 79 105 5 0.4176
348 79 105 5 0.4176
348 79 105 5 0.4176
348 79 105 5 0.4176
348 79 105 5 0.4176
348 79 105 5 0.4176
348 79 105 5 0.4176
348 79 105 5 0.4176
