64 15 286 71 0.4260
51 4 142 16 0.2795
63 19 317 39 0.2892
50 11 319 6 0.4539
49 12 139 0 0.3110
48 62 179 19 0.2889
57 22 310 36 0.3116
48 5 318 5 0.2232
52 20 321 3 0.3813
244 35 143 16 0.5219
61 35 167 21 0.6176
59 56 158 6 0.3137
49 3 318 11 0.6116
45 10 313 14 0.5167
56 16 317 27 0.4041
234 0 324 4 0.1925
34 29 292 22 0.6712
63 51 185 24 0.5976
46 9 314 7 0.4506
75 4 165 0 0.2228
74 6 340 33 0.0929
63 19 320 34 0.3754
229 5 138 12 0.6760
1 70 167 19 0.3135
67 24 313 43 0.2954
30 20 291 23 0.7593
231 13 123 54 0.4775
75 19 324 45 0.4050
8 73 131 9 0.2047
51 14 318 10 0.5938
76 11 332 52 0.5635
56 30 319 13 0.4326
54 12 319 24 0.2368
76 8 168 11 0.3084
47 10 315 13 0.4461
47 10 315 13 0.4461
57 20 314 32 0.3068
57 20 314 32 0.3068
44 17 306 23 0.3935
44 17 306 23 0.3935
47 3 138 19 0.3132
47 3 138 19 0.3132
29 56 164 25 0.4926
29 56 164 25 0.4926
79 11 173 22 0.3674
79 11 173 22 0.3674
51 4 143 15 0.2160
51 4 143 15 0.2160
348 80 165 10 0.1885
348 80 165 10 0.1885
53 0 323 44 0.0763
53 0 323 44 0.0763
231 5 337 72 0.7145
231 5 337 72 0.7145
49 1 319 4 0.4423
49 1 319 4 0.4423
247 15 144 40 0.5498
247 15 144 40 0.5498
70 57 187 16 0.3824
70 57 187 16 0.3824
70 9 321 63 0.7348
70 9 321 63 0.7348
70 9 321 63 0.7348
231 0 141 4 0.4364
231 0 141 4 0.4364
231 0 141 4 0.4364
70 6 322 70 0.5109
70 6 322 70 0.5109
70 6 322 70 0.5109
8 72 154 15 0.2122
8 72 154 15 0.2122
8 72 154 15 0.2122
8 72 154 15 0.2122
47 6 317 5 0.3564
47 6 317 5 0.3564
47 6 317 5 0.3564
47 6 317 5 0.3564
229 1 139 4 0.5539
229 1 139 4 0.5539
229 1 139 4 0.5539
229 1 139 4 0.5539
76 10 336 45 0.0070
76 10 336 45 0.0070
76 10 336 45 0.0070
76 10 336 45 0.0070
62 3 331 5 0.0542
62 3 331 5 0.0542
62 3 331 5 0.0542
62 3 331 5 0.0542
62 3 331 5 0.0542
227 3 137 1 0.3778
227 3 137 1 0.3778
227 3 137 1 0.3778
227 3 137 1 0.3778
227 3 137 1 0.3778
30 73 178 15 0.3041
30 73 178 15 0.3041
30 73 178 15 0.3041
30 73 178 15 0.3041
30 73 178 15 0.3041
30 73 178 15 0.3041
51 4 142 19 0.4017
51 4 142 19 0.4017
51 4 142 19 0.4017
51 4 142 19 0.4017
51 4 142 19 0.4017
51 4 142 19 0.4017
55 28 320 10 0.5021
55 28 320 10 0.5021
55 28 320 10 0.5021
55 28 320 10 0.5021
55 28 320 10 0.5021
55 28 320 10 0.5021
55 28 320 10 0.5021
55 28 320 10 0.5021
55 28 320 10 0.5021
55 28 320 10 0.5021
55 28 320 10 0.5021
49 6 139 6 0.3976
49 6 139 6 0.3976
49 6 139 6 0.3976
49 6 139 6 0.3976
49 6 139 6 0.3976
49 6 139 6 0.3976
49 6 139 6 0.3976
49 6 139 6 0.3976
49 6 139 6 0.3976
49 6 139 6 0.3976
49 6 139 6 0.3976
49 6 139 6 0.3976
49 6 139 6 0.3976
49 6 139 6 0.3976
49 6 139 6 0.3976
49 6 139 6 0.3976
49 6 139 6 0.3976
49 6 139 6 0.3976
