271 18 19 43 0.4699
58 8 149 10 0.7068
269 15 167 38 0.7049
81 4 173 23 0.1677
61 20 171 42 0.1389
69 9 336 15 0.5428
74 9 170 33 0.0759
67 14 321 47 0.0649
254 31 151 20 0.6358
92 1 183 8 0.3012
43 50 158 20 0.5819
54 35 152 11 0.7440
84 4 352 29 0.3640
59 25 158 19 0.3166
74 13 340 14 0.5654
92 12 187 20 0.3570
79 42 179 11 0.7318
76 6 342 27 0.1952
103 5 204 64 0.2301
52 31 160 28 0.8821
250 28 147 24 0.7903
70 18 171 31 0.2126
82 11 350 11 0.3278
58 9 150 10 0.6178
74 24 175 24 0.7355
59 14 153 14 0.1971
264 8 168 36 0.5507
72 14 165 12 0.5151
44 20 169 57 0.3579
41 43 144 14 0.3908
74 2 165 19 0.1629
244 15 150 17 0.6848
92 1 2 0 0.6088
232 29 141 2 0.5353
53 15 144 2 0.6049
259 25 160 19 0.8333
247 23 149 20 0.7756
244 0 154 7 0.8207
83 13 353 0 0.7915
236 1 146 5 0.6921
80 8 344 39 0.2582
52 49 173 24 0.3212
257 16 156 34 0.8307
98 1 7 51 0.5002
277 18 172 38 0.3920
80 22 174 10 0.5092
263 24 153 37 0.4587
50 35 145 8 0.4288
88 0 358 1 0.3224
269 8 175 25 0.5906
57 24 165 34 0.1182
244 24 143 22 0.8573
58 1 328 3 0.4419
60 55 177 17 0.5263
233 4 142 10 0.7458
61 11 153 11 0.2824
70 26 160 1 0.8511
83 5 175 14 0.3802
83 12 351 12 0.3842
58 34 158 14 0.5061
37 18 133 20 0.2927
231 33 325 7 0.4250
69 6 160 9 0.8324
47 12 140 11 0.6967
41 42 160 28 0.4758
77 6 169 21 0.0763
89 11 180 7 0.6810
233 10 140 14 0.8292
73 10 171 38 0.1842
68 44 183 24 0.5244
84 20 178 10 0.6931
95 9 187 13 0.2450
58 15 149 3 0.6225
251 13 145 48 0.6072
98 6 4 29 0.0717
65 31 168 19 0.3848
270 8 5 33 0.3040
84 24 349 10 0.4036
113 4 203 5 0.4092
80 6 171 14 0.3235
272 17 173 25 0.2065
93 4 186 39 0.1032
46 33 137 2 0.8794
63 8 333 7 0.6649
260 26 166 8 0.8012
75 3 342 39 0.1351
90 2 0 0 0.5590
61 48 177 22 0.4541
61 0 151 8 0.6905
259 25 154 30 0.8987
117 9 210 19 0.0285
244 4 154 3 0.7484
74 5 164 5 0.4219
257 1 167 6 0.3775
88 9 183 30 0.2879
72 1 162 2 0.5548
241 2 150 7 0.4711
78 23 176 18 0.5057
84 21 351 8 0.6581
242 14 146 22 0.7236
85 4 175 8 0.5214
87 22 356 1 0.7666
63 8 333 0 0.8105
273 13 15 43 0.5262
254 27 153 22 0.6637
67 8 336 7 0.6194
243 20 148 13 0.6579
87 9 352 28 0.2652
245 3 154 10 0.5415
272 12 175 32 0.2695
285 71 172 8 0.6750
73 9 170 36 0.1593
73 9 170 36 0.1593
88 14 358 2 0.5790
88 14 358 2 0.5790
81 13 173 10 0.4299
81 13 173 10 0.4299
91 20 360 4 0.7184
91 20 360 4 0.7184
68 27 161 6 0.9685
68 27 161 6 0.9685
269 20 166 32 0.7407
269 20 166 32 0.7407
267 37 171 8 0.8354
267 37 171 8 0.8354
81 6 172 6 0.8251
81 6 172 6 0.8251
237 0 147 1 0.5434
237 0 147 1 0.5434
263 1 173 41 0.2998
263 1 173 41 0.2998
87 7 177 5 0.4900
87 7 177 5 0.4900
72 20 168 17 0.3025
72 20 168 17 0.3025
263 21 152 43 0.5396
263 21 152 43 0.5396
56 5 146 3 0.6520
56 5 146 3 0.6520
85 15 180 21 0.4547
85 15 180 21 0.4547
249 3 158 7 0.6330
249 3 158 7 0.6330
265 2 174 5 0.2717
265 2 174 5 0.2717
276 9 177 43 0.2076
276 9 177 43 0.2076
65 32 172 24 0.3660
65 32 172 24 0.3660
88 5 181 27 0.2466
88 5 181 27 0.2466
73 13 178 47 0.1284
73 13 178 47 0.1284
260 29 157 23 0.6716
260 29 157 23 0.6716
94 25 1 7 0.7041
94 25 1 7 0.7041
272 17 170 35 0.3855
272 17 170 35 0.3855
72 29 173 19 0.5021
72 29 173 19 0.5021
84 34 354 0 0.8392
84 34 354 0 0.8392
57 35 168 27 0.2997
57 35 168 27 0.2997
241 16 149 7 0.6802
241 16 149 7 0.6802
271 8 178 16 0.2819
271 8 178 16 0.2819
240 2 149 15 0.9010
240 2 149 15 0.9010
240 2 149 15 0.9010
99 3 191 29 0.1148
99 3 191 29 0.1148
99 3 191 29 0.1148
245 8 152 21 0.8617
245 8 152 21 0.8617
245 8 152 21 0.8617
283 2 192 21 0.0405
283 2 192 21 0.0405
283 2 192 21 0.0405
102 6 11 15 0.0600
102 6 11 15 0.0600
102 6 11 15 0.0600
280 13 175 50 0.1343
280 13 175 50 0.1343
280 13 175 50 0.1343
99 7 190 8 0.1312
99 7 190 8 0.1312
99 7 190 8 0.1312
70 6 160 3 0.6106
70 6 160 3 0.6106
70 6 160 3 0.6106
78 20 340 23 0.3123
78 20 340 23 0.3123
78 20 340 23 0.3123
275 22 162 44 0.2887
275 22 162 44 0.2887
275 22 162 44 0.2887
84 4 321 83 0.4124
84 4 321 83 0.4124
84 4 321 83 0.4124
112 11 15 33 0.0087
112 11 15 33 0.0087
112 11 15 33 0.0087
82 1 352 0 0.3234
82 1 352 0 0.3234
82 1 352 0 0.3234
268 11 166 48 0.3070
268 11 166 48 0.3070
268 11 166 48 0.3070
268 11 166 48 0.3070
85 9 182 35 0.2055
85 9 182 35 0.2055
85 9 182 35 0.2055
85 9 182 35 0.2055
67 2 157 3 0.5392
67 2 157 3 0.5392
67 2 157 3 0.5392
67 2 157 3 0.5392
73 29 165 4 0.8782
73 29 165 4 0.8782
73 29 165 4 0.8782
73 29 165 4 0.8782
61 39 172 23 0.3757
61 39 172 23 0.3757
61 39 172 23 0.3757
61 39 172 23 0.3757
61 39 172 23 0.3757
272 23 152 49 0.4552
272 23 152 49 0.4552
272 23 152 49 0.4552
272 23 152 49 0.4552
272 23 152 49 0.4552
272 23 152 49 0.4552
64 41 172 20 0.5011
64 41 172 20 0.5011
64 41 172 20 0.5011
64 41 172 20 0.5011
64 41 172 20 0.5011
64 41 172 20 0.5011
269 14 167 40 0.3012
269 14 167 40 0.3012
269 14 167 40 0.3012
269 14 167 40 0.3012
269 14 167 40 0.3012
269 14 167 40 0.3012
269 14 167 40 0.3012
