58 18 317 33 0.1918
45 6 137 21 0.5868
46 21 140 12 0.2965
35 19 293 32 0.4104
29 16 131 35 0.1595
32 17 138 43 0.4782
48 10 141 15 0.4770
80 34 179 13 0.7681
17 35 116 12 0.8751
25 6 119 33 0.3035
48 3 141 38 0.0483
43 21 134 4 0.5578
57 19 147 1 0.3012
43 31 313 1 0.4683
51 4 142 19 0.4017
25 4 118 28 0.2586
51 16 146 16 0.0594
17 40 120 14 0.8129
40 18 296 37 0.4170
77 32 175 13 0.9282
38 18 130 5 0.6013
39 0 129 15 0.6270
66 29 303 44 0.2908
58 12 150 8 0.2046
29 4 121 31 0.1578
36 51 288 15 0.8902
54 7 145 13 0.4695
54 19 150 19 0.2854
30 4 124 52 0.6304
52 27 311 22 0.3072
42 4 308 45 0.2060
46 22 302 30 0.3309
53 24 201 62 0.2507
60 29 299 42 0.3599
48 10 141 16 0.5295
28 17 124 20 0.7058
50 20 295 49 0.3627
61 27 311 34 0.2151
21 25 119 19 0.7878
43 29 311 4 0.5310
58 19 308 44 0.1480
41 3 132 23 0.5582
48 10 315 13 0.2782
71 13 242 77 0.2632
49 31 141 3 0.2866
52 30 288 44 0.2817
71 40 315 28 0.1385
43 6 138 45 0.2668
61 25 172 36 0.0929
44 15 135 1 0.4222
64 24 320 27 0.4541
43 16 136 10 0.4777
51 21 144 6 0.3118
47 5 137 0 0.1758
32 9 126 24 0.3272
53 11 166 64 0.3724
67 14 321 47 0.0649
47 27 292 41 0.3712
49 17 148 28 0.3262
40 21 135 15 0.4517
46 15 138 9 0.4236
50 9 144 28 0.2635
51 15 143 9 0.4005
41 13 139 29 0.4071
41 18 291 47 0.5280
50 9 142 12 0.4011
47 7 138 9 0.4395
43 14 310 11 0.2787
28 19 292 17 0.6123
57 13 321 21 0.2129
57 28 294 45 0.3898
54 15 155 36 0.0205
68 28 270 61 0.2245
56 14 326 4 0.3378
31 18 289 33 0.0862
59 28 303 39 0.2525
54 11 145 5 0.3453
66 35 289 46 0.3799
49 12 139 0 0.3110
41 5 133 19 0.3418
27 8 122 34 0.1319
51 1 142 11 0.5632
43 7 313 5 0.3867
59 18 165 40 0.1022
24 20 289 12 0.6338
24 20 289 12 0.6338
44 10 138 25 0.3453
44 10 138 25 0.3453
36 0 127 44 0.5917
36 0 127 44 0.5917
50 23 282 54 0.2665
50 23 282 54 0.2665
37 10 301 30 0.0468
37 10 301 30 0.0468
74 26 317 43 0.1577
74 26 317 43 0.1577
47 19 259 68 0.2946
47 19 259 68 0.2946
67 22 317 40 0.1439
67 22 317 40 0.1439
48 2 138 16 0.5171
48 2 138 16 0.5171
44 10 314 0 0.3450
44 10 314 0 0.3450
45 9 136 8 0.2975
45 9 136 8 0.2975
48 5 318 5 0.2232
48 5 318 5 0.2232
49 9 140 10 0.3278
49 9 140 10 0.3278
66 28 317 32 0.1075
66 28 317 32 0.1075
51 20 299 46 0.2516
51 20 299 46 0.2516
49 15 150 36 0.1132
49 15 150 36 0.1132
26 4 117 9 0.7907
26 4 117 9 0.7907
36 16 301 16 0.1630
36 16 301 16 0.1630
50 14 148 28 0.4488
50 14 148 28 0.4488
58 14 326 7 0.2527
58 14 326 7 0.2527
58 14 326 7 0.2527
43 5 135 28 0.6653
43 5 135 28 0.6653
43 5 135 28 0.6653
40 18 300 28 0.2274
40 18 300 28 0.2274
40 18 300 28 0.2274
42 4 133 13 0.6052
42 4 133 13 0.6052
42 4 133 13 0.6052
18 21 112 9 0.9114
18 21 112 9 0.9114
18 21 112 9 0.9114
25 9 120 28 0.1819
25 9 120 28 0.1819
25 9 120 28 0.1819
209 4 118 14 0.8246
209 4 118 14 0.8246
209 4 118 14 0.8246
48 18 300 43 0.1432
48 18 300 43 0.1432
48 18 300 43 0.1432
49 6 139 6 0.3976
49 6 139 6 0.3976
49 6 139 6 0.3976
48 10 140 7 0.5004
48 10 140 7 0.5004
48 10 140 7 0.5004
30 20 294 15 0.5845
30 20 294 15 0.5845
30 20 294 15 0.5845
30 20 294 15 0.5845
49 20 141 5 0.3752
49 20 141 5 0.3752
49 20 141 5 0.3752
49 20 141 5 0.3752
63 25 329 9 0.1935
63 25 329 9 0.1935
63 25 329 9 0.1935
63 25 329 9 0.1935
63 25 329 9 0.1935
51 14 312 32 0.1287
51 14 312 32 0.1287
51 14 312 32 0.1287
51 14 312 32 0.1287
51 14 312 32 0.1287
56 12 318 35 0.0489
56 12 318 35 0.0489
56 12 318 35 0.0489
56 12 318 35 0.0489
56 12 318 35 0.0489
51 4 142 11 0.4448
51 4 142 11 0.4448
51 4 142 11 0.4448
51 4 142 11 0.4448
51 4 142 11 0.4448
51 4 142 11 0.4448
48 15 141 9 0.4750
48 15 141 9 0.4750
48 15 141 9 0.4750
48 15 141 9 0.4750
48 15 141 9 0.4750
48 15 141 9 0.4750
56 14 315 35 0.1105
56 14 315 35 0.1105
56 14 315 35 0.1105
56 14 315 35 0.1105
56 14 315 35 0.1105
56 14 315 35 0.1105
14 26 110 12 0.9232
14 26 110 12 0.9232
14 26 110 12 0.9232
14 26 110 12 0.9232
14 26 110 12 0.9232
14 26 110 12 0.9232
14 26 110 12 0.9232
44 9 139 26 0.3881
44 9 139 26 0.3881
44 9 139 26 0.3881
44 9 139 26 0.3881
44 9 139 26 0.3881
44 9 139 26 0.3881
44 9 139 26 0.3881
33 12 129 27 0.0837
33 12 129 27 0.0837
33 12 129 27 0.0837
33 12 129 27 0.0837
33 12 129 27 0.0837
33 12 129 27 0.0837
33 12 129 27 0.0837
33 12 129 27 0.0837
