73 17 335 27 0.3376
92 24 356 13 0.8454
83 34 342 16 0.8666
75 44 167 3 0.5236
42 16 309 11 0.5181
62 29 328 7 0.6621
66 20 331 14 0.4612
94 16 356 23 0.7180
251 4 343 35 0.3683
67 15 332 19 0.5467
66 38 165 11 0.5673
61 16 325 20 0.6531
72 34 337 7 0.2367
70 18 335 15 0.5094
70 30 331 16 0.1525
69 28 337 5 0.4671
62 11 329 13 0.6246
65 37 331 6 0.6959
65 24 331 8 0.5614
75 30 344 3 0.5231
73 22 340 8 0.2965
80 14 340 36 0.2165
63 38 328 7 0.6024
73 25 338 11 0.7725
72 23 163 3 0.4338
79 14 337 40 0.1935
40 38 168 39 0.1542
43 25 309 9 0.4141
76 19 343 8 0.5608
82 41 346 6 0.7100
71 38 333 10 0.7692
69 28 336 6 0.6355
60 37 151 2 0.4509
60 37 151 2 0.4509
68 25 337 2 0.5534
68 25 337 2 0.5534
80 29 345 8 0.4713
80 29 345 8 0.4713
238 26 348 34 0.8544
238 26 348 34 0.8544
60 31 322 14 0.7707
60 31 322 14 0.7707
32 38 175 46 0.0930
32 38 175 46 0.0930
89 36 351 11 0.9030
89 36 351 11 0.9030
77 17 343 14 0.3150
77 17 343 14 0.3150
88 28 353 10 0.6909
88 28 353 10 0.6909
59 22 322 15 0.6759
59 22 322 15 0.6759
59 22 322 15 0.6759
33 42 158 33 0.2115
33 42 158 33 0.2115
33 42 158 33 0.2115
75 33 343 5 0.3576
75 33 343 5 0.3576
75 33 343 5 0.3576
79 35 345 6 0.7040
79 35 345 6 0.7040
79 35 345 6 0.7040
68 33 163 8 0.4210
68 33 163 8 0.4210
68 33 163 8 0.4210
68 33 163 8 0.4210
60 24 324 12 0.7902
60 24 324 12 0.7902
60 24 324 12 0.7902
60 24 324 12 0.7902
60 24 324 12 0.7902
61 27 327 9 0.6877
61 27 327 9 0.6877
61 27 327 9 0.6877
61 27 327 9 0.6877
61 27 327 9 0.6877
61 27 327 9 0.6877
61 33 325 9 0.6855
61 33 325 9 0.6855
61 33 325 9 0.6855
61 33 325 9 0.6855
61 33 325 9 0.6855
61 33 325 9 0.6855
61 33 325 9 0.6855
61 33 325 9 0.6855
69 34 338 2 0.5779
69 34 338 2 0.5779
69 34 338 2 0.5779
69 34 338 2 0.5779
69 34 338 2 0.5779
69 34 338 2 0.5779
69 34 338 2 0.5779
69 34 338 2 0.5779
69 34 338 2 0.5779
69 34 338 2 0.5779
69 34 338 2 0.5779
69 34 338 2 0.5779
69 34 338 2 0.5779
69 34 338 2 0.5779
69 34 338 2 0.5779
65 36 328 9 0.7782
65 36 328 9 0.7782
65 36 328 9 0.7782
65 36 328 9 0.7782
65 36 328 9 0.7782
65 36 328 9 0.7782
65 36 328 9 0.7782
65 36 328 9 0.7782
65 36 328 9 0.7782
65 36 328 9 0.7782
65 36 328 9 0.7782
65 36 328 9 0.7782
65 36 328 9 0.7782
65 36 328 9 0.7782
65 36 328 9 0.7782
65 36 328 9 0.7782
65 36 328 9 0.7782
65 36 328 9 0.7782
