40 13 131 3 0.3113
232 2 323 33 0.4912
250 15 154 20 0.2309
64 65 161 3 0.4809
113 74 336 12 0.8523
84 42 338 17 0.8176
46 41 139 4 0.4702
235 24 328 7 0.3942
69 26 331 16 0.7598
227 20 319 5 0.5562
262 23 166 14 0.2391
241 33 134 25 0.5800
63 54 323 7 0.7654
228 32 335 25 0.3385
238 25 331 8 0.5620
342 67 161 23 0.5284
228 40 1 40 0.3506
256 17 157 29 0.2788
247 15 156 1 0.7518
238 33 141 10 0.4615
98 48 340 23 0.3837
244 55 344 6 0.7134
37 36 182 48 0.6673
260 28 8 31 0.4885
64 21 322 29 0.6602
242 30 338 11 0.8473
235 32 336 18 0.8149
58 10 325 14 0.7421
72 33 327 22 0.9141
64 33 331 5 0.8987
74 58 342 1 0.7018
266 27 175 1 0.4068
21 38 132 24 0.3103
42 19 311 3 0.3476
254 14 347 12 0.4262
257 22 350 9 0.5529
32 37 126 6 0.2167
89 33 340 27 0.5849
101 56 347 15 0.2931
246 39 9 34 0.9282
241 34 335 6 0.6874
52 30 306 27 0.9140
43 54 293 13 0.6068
265 31 1 11 0.6097
253 14 348 20 0.2405
46 29 308 16 0.6230
54 10 322 9 0.6082
54 10 322 9 0.6082
233 25 337 27 0.5471
233 25 337 27 0.5471
70 21 330 23 0.8133
70 21 330 23 0.8133
233 12 326 16 0.5858
233 12 326 16 0.5858
59 31 171 32 0.7131
59 31 171 32 0.7131
43 22 135 5 0.5043
43 22 135 5 0.5043
47 25 315 5 0.4179
47 25 315 5 0.4179
67 13 159 10 0.6267
67 13 159 10 0.6267
53 60 168 14 0.3597
53 60 168 14 0.3597
73 35 339 6 0.7489
73 35 339 6 0.7489
45 12 313 13 0.3932
45 12 313 13 0.3932
237 37 330 4 0.6876
237 37 330 4 0.6876
242 38 145 9 0.6289
242 38 145 9 0.6289
47 53 150 9 0.3169
47 53 150 9 0.3169
223 68 333 8 0.8209
223 68 333 8 0.8209
91 42 318 37 0.3484
91 42 318 37 0.3484
249 10 343 20 0.3246
249 10 343 20 0.3246
51 14 318 10 0.5938
51 14 318 10 0.5938
245 5 153 24 0.3518
245 5 153 24 0.3518
237 31 133 23 0.3741
237 31 133 23 0.3741
245 40 5 31 0.4700
245 40 5 31 0.4700
56 53 168 16 0.2151
56 53 168 16 0.2151
69 50 324 12 0.8309
69 50 324 12 0.8309
52 46 321 1 0.7339
52 46 321 1 0.7339
52 46 321 1 0.7339
245 41 134 23 0.6093
245 41 134 23 0.6093
245 41 134 23 0.6093
264 21 356 5 0.1899
264 21 356 5 0.1899
264 21 356 5 0.1899
264 21 356 5 0.1899
264 21 356 5 0.1899
58 3 327 19 0.6654
58 3 327 19 0.6654
58 3 327 19 0.6654
58 3 327 19 0.6654
58 3 327 19 0.6654
256 19 165 2 0.4879
256 19 165 2 0.4879
256 19 165 2 0.4879
256 19 165 2 0.4879
256 19 165 2 0.4879
256 19 165 2 0.4879
71 73 320 6 0.6463
71 73 320 6 0.6463
71 73 320 6 0.6463
71 73 320 6 0.6463
71 73 320 6 0.6463
71 73 320 6 0.6463
81 46 342 9 0.5644
81 46 342 9 0.5644
81 46 342 9 0.5644
81 46 342 9 0.5644
81 46 342 9 0.5644
81 46 342 9 0.5644
69 33 335 7 0.8536
69 33 335 7 0.8536
69 33 335 7 0.8536
69 33 335 7 0.8536
69 33 335 7 0.8536
69 33 335 7 0.8536
69 33 335 7 0.8536
182 83 335 6 0.7489
182 83 335 6 0.7489
182 83 335 6 0.7489
182 83 335 6 0.7489
182 83 335 6 0.7489
182 83 335 6 0.7489
182 83 335 6 0.7489
254 16 345 3 0.3918
254 16 345 3 0.3918
254 16 345 3 0.3918
254 16 345 3 0.3918
254 16 345 3 0.3918
254 16 345 3 0.3918
254 16 345 3 0.3918
254 16 345 3 0.3918
66 27 161 10 0.6740
66 27 161 10 0.6740
66 27 161 10 0.6740
66 27 161 10 0.6740
66 27 161 10 0.6740
66 27 161 10 0.6740
66 27 161 10 0.6740
66 27 161 10 0.6740
66 27 161 10 0.6740
69 35 333 8 0.8273
69 35 333 8 0.8273
69 35 333 8 0.8273
69 35 333 8 0.8273
69 35 333 8 0.8273
69 35 333 8 0.8273
69 35 333 8 0.8273
69 35 333 8 0.8273
69 35 333 8 0.8273
69 35 333 8 0.8273
69 35 333 8 0.8273
69 35 333 8 0.8273
69 35 333 8 0.8273
69 35 333 8 0.8273
