60 10 151 9 0.5748
237 32 332 8 0.4345
266 33 4 12 0.5795
269 29 2 4 0.9140
269 26 1 4 0.6415
267 11 358 4 0.6643
258 43 352 4 0.7477
255 26 348 5 0.3764
55 5 147 20 0.2197
236 36 333 10 0.3419
234 26 329 10 0.2994
234 0 324 4 0.1925
259 15 352 10 0.4538
258 3 349 12 0.6355
248 0 158 35 0.2289
235 40 331 8 0.5211
246 1 155 38 0.1608
251 1 341 10 0.7927
235 24 328 7 0.3942
262 31 358 9 0.4052
75 7 165 3 0.9031
56 8 147 9 0.2657
242 2 151 21 0.1299
261 38 351 0 0.9416
240 1 150 41 0.1045
50 5 141 8 0.2700
247 3 156 10 0.2215
256 4 347 8 0.5152
58 9 152 24 0.2687
112 2 203 4 0.3526
255 3 345 4 0.7268
53 7 143 2 0.4014
234 27 327 6 0.5068
256 10 348 7 0.3973
304 4 38 49 0.1178
58 3 148 5 0.4206
63 2 332 24 0.2030
71 0 161 9 0.5097
59 1 329 15 0.2350
248 17 342 11 0.2149
243 5 152 15 0.2836
243 5 152 15 0.2836
294 8 25 11 0.1973
294 8 25 11 0.1973
246 1 337 18 0.4195
246 1 337 18 0.4195
244 1 335 16 0.1731
244 1 335 16 0.1731
59 3 150 17 0.3023
59 3 150 17 0.3023
231 33 325 7 0.4250
231 33 325 7 0.4250
245 5 155 9 0.2999
245 5 155 9 0.2999
237 2 327 12 0.1607
237 2 327 12 0.1607
246 0 156 16 0.2193
246 0 156 16 0.2193
63 1 154 28 0.1566
63 1 154 28 0.1566
37 4 295 70 0.1388
37 4 295 70 0.1388
237 8 139 44 0.1314
237 8 139 44 0.1314
235 35 326 1 0.3657
235 35 326 1 0.3657
64 1 155 30 0.0254
64 1 155 30 0.0254
64 1 155 30 0.0254
53 3 316 63 0.3541
53 3 316 63 0.3541
53 3 316 63 0.3541
62 5 154 20 0.2191
62 5 154 20 0.2191
62 5 154 20 0.2191
62 5 154 20 0.2191
59 1 329 18 0.1189
59 1 329 18 0.1189
59 1 329 18 0.1189
59 1 329 18 0.1189
241 6 151 3 0.0922
241 6 151 3 0.0922
241 6 151 3 0.0922
241 6 151 3 0.0922
296 6 29 27 0.1878
296 6 29 27 0.1878
296 6 29 27 0.1878
296 6 29 27 0.1878
296 6 29 27 0.1878
238 1 148 38 0.1141
238 1 148 38 0.1141
238 1 148 38 0.1141
238 1 148 38 0.1141
238 1 148 38 0.1141
235 4 145 1 0.4207
235 4 145 1 0.4207
235 4 145 1 0.4207
235 4 145 1 0.4207
235 4 145 1 0.4207
235 4 145 1 0.4207
62 6 152 8 0.4268
62 6 152 8 0.4268
62 6 152 8 0.4268
62 6 152 8 0.4268
62 6 152 8 0.4268
62 6 152 8 0.4268
293 7 26 20 0.0916
293 7 26 20 0.0916
293 7 26 20 0.0916
293 7 26 20 0.0916
293 7 26 20 0.0916
293 7 26 20 0.0916
62 3 152 4 0.2626
62 3 152 4 0.2626
62 3 152 4 0.2626
62 3 152 4 0.2626
62 3 152 4 0.2626
62 3 152 4 0.2626
62 3 152 4 0.2626
62 3 152 4 0.2626
62 3 152 4 0.2626
295 6 28 25 0.0884
295 6 28 25 0.0884
295 6 28 25 0.0884
295 6 28 25 0.0884
295 6 28 25 0.0884
295 6 28 25 0.0884
295 6 28 25 0.0884
295 6 28 25 0.0884
295 6 28 25 0.0884
48 3 141 38 0.0483
48 3 141 38 0.0483
48 3 141 38 0.0483
48 3 141 38 0.0483
48 3 141 38 0.0483
48 3 141 38 0.0483
48 3 141 38 0.0483
48 3 141 38 0.0483
48 3 141 38 0.0483
58 6 149 15 0.2358
58 6 149 15 0.2358
58 6 149 15 0.2358
58 6 149 15 0.2358
58 6 149 15 0.2358
58 6 149 15 0.2358
58 6 149 15 0.2358
58 6 149 15 0.2358
58 6 149 15 0.2358
58 6 149 15 0.2358
58 6 149 15 0.2358
58 6 149 15 0.2358
