181 21 281 24 0.4597
112 11 21 5 0.2239
127 61 220 2 0.7118
168 0 78 17 0.4280
315 7 45 2 0.6933
113 10 204 5 0.2840
156 7 66 3 0.3554
345 12 80 20 0.6257
326 34 76 26 0.7068
322 15 60 29 0.3743
127 3 36 20 0.4548
278 5 8 11 0.5966
300 25 204 12 0.5246
294 7 31 41 0.0470
97 47 202 14 0.2400
322 14 69 49 0.4173
321 44 77 24 0.6292
145 14 54 4 0.6358
145 14 54 4 0.6358
323 4 54 22 0.5758
323 4 54 22 0.5758
324 12 57 11 0.2551
324 12 57 11 0.2551
348 10 254 24 0.2978
348 10 254 24 0.2978
305 21 37 6 0.5757
305 21 37 6 0.5757
146 23 53 6 0.7435
146 23 53 6 0.7435
291 5 23 24 0.2309
291 5 23 24 0.2309
296 6 29 27 0.1878
296 6 29 27 0.1878
296 6 29 27 0.1878
268 28 16 31 0.2611
268 28 16 31 0.2611
268 28 16 31 0.2611
108 61 229 16 0.3355
108 61 229 16 0.3355
108 61 229 16 0.3355
294 8 25 11 0.1973
294 8 25 11 0.1973
294 8 25 11 0.1973
335 36 77 15 0.9320
335 36 77 15 0.9320
335 36 77 15 0.9320
335 36 77 15 0.9320
294 7 24 5 0.1566
294 7 24 5 0.1566
294 7 24 5 0.1566
294 7 24 5 0.1566
108 25 203 10 0.3109
108 25 203 10 0.3109
108 25 203 10 0.3109
108 25 203 10 0.3109
325 2 55 4 0.5643
325 2 55 4 0.5643
325 2 55 4 0.5643
325 2 55 4 0.5643
298 20 52 47 0.1325
298 20 52 47 0.1325
298 20 52 47 0.1325
298 20 52 47 0.1325
298 20 52 47 0.1325
301 15 43 37 0.0510
301 15 43 37 0.0510
301 15 43 37 0.0510
301 15 43 37 0.0510
301 15 43 37 0.0510
147 36 54 3 0.9385
147 36 54 3 0.9385
147 36 54 3 0.9385
147 36 54 3 0.9385
147 36 54 3 0.9385
295 6 28 25 0.0884
295 6 28 25 0.0884
295 6 28 25 0.0884
295 6 28 25 0.0884
295 6 28 25 0.0884
295 6 28 25 0.0884
295 6 28 25 0.0884
145 10 53 9 0.5213
145 10 53 9 0.5213
145 10 53 9 0.5213
145 10 53 9 0.5213
145 10 53 9 0.5213
145 10 53 9 0.5213
145 10 53 9 0.5213
145 10 53 9 0.5213
304 4 38 49 0.1178
304 4 38 49 0.1178
304 4 38 49 0.1178
304 4 38 49 0.1178
304 4 38 49 0.1178
304 4 38 49 0.1178
304 4 38 49 0.1178
304 4 38 49 0.1178
308 12 63 64 0.1541
308 12 63 64 0.1541
308 12 63 64 0.1541
308 12 63 64 0.1541
308 12 63 64 0.1541
308 12 63 64 0.1541
308 12 63 64 0.1541
308 12 63 64 0.1541
298 20 207 1 0.2232
298 20 207 1 0.2232
298 20 207 1 0.2232
298 20 207 1 0.2232
298 20 207 1 0.2232
298 20 207 1 0.2232
298 20 207 1 0.2232
298 20 207 1 0.2232
298 20 207 1 0.2232
298 20 207 1 0.2232
293 7 26 20 0.0916
293 7 26 20 0.0916
293 7 26 20 0.0916
293 7 26 20 0.0916
293 7 26 20 0.0916
293 7 26 20 0.0916
293 7 26 20 0.0916
293 7 26 20 0.0916
293 7 26 20 0.0916
293 7 26 20 0.0916
293 7 26 20 0.0916
293 7 26 20 0.0916
293 7 26 20 0.0916
293 7 26 20 0.0916
