269 39 71 50 0.6183
336 18 222 52 0.7645
268 29 94 61 0.5979
360 31 192 58 0.4822
340 6 245 40 0.7954
269 19 156 50 0.6338
23 36 162 47 0.7621
349 27 194 61 0.6145
352 28 166 62 0.5231
202 9 112 1 0.4086
343 27 205 55 0.4364
106 31 232 44 0.8720
205 0 115 16 0.4742
350 22 238 44 0.6002
285 27 133 60 0.4497
55 42 232 48 0.9034
58 48 218 41 0.4493
334 23 234 23 0.7831
317 24 214 27 0.1656
349 36 143 51 0.9159
265 40 88 50 0.7716
319 35 222 11 0.2984
139 13 241 41 0.6505
348 26 238 36 0.8993
27 21 135 38 0.5019
22 45 177 42 0.7622
8 40 229 42 0.8013
8 40 229 42 0.8013
6 36 200 53 0.5898
6 36 200 53 0.5898
2 38 240 34 0.7781
2 38 240 34 0.7781
94 39 234 43 0.7506
94 39 234 43 0.7506
324 31 213 30 0.2743
324 31 213 30 0.2743
0 31 198 57 0.6036
0 31 198 57 0.6036
358 34 246 28 0.7887
358 34 246 28 0.7887
132 32 260 44 0.6542
132 32 260 44 0.6542
348 34 140 53 0.8487
348 34 140 53 0.8487
127 23 240 44 0.7261
127 23 240 44 0.7261
325 16 192 67 0.5945
325 16 192 67 0.5945
335 25 226 35 0.8648
335 25 226 35 0.8648
335 25 226 35 0.8648
264 32 110 55 0.8078
264 32 110 55 0.8078
264 32 110 55 0.8078
334 11 228 56 0.8232
334 11 228 56 0.8232
334 11 228 56 0.8232
327 9 60 18 0.2765
327 9 60 18 0.2765
327 9 60 18 0.2765
139 22 247 38 0.7543
139 22 247 38 0.7543
139 22 247 38 0.7543
201 37 291 0 0.6172
201 37 291 0 0.6172
201 37 291 0 0.6172
351 21 200 66 0.6412
351 21 200 66 0.6412
351 21 200 66 0.6412
29 23 151 51 0.5574
29 23 151 51 0.5574
29 23 151 51 0.5574
334 20 230 34 0.7603
334 20 230 34 0.7603
334 20 230 34 0.7603
334 20 230 34 0.7603
293 36 131 52 0.8699
293 36 131 52 0.8699
293 36 131 52 0.8699
293 36 131 52 0.8699
284 36 133 51 0.8938
284 36 133 51 0.8938
284 36 133 51 0.8938
284 36 133 51 0.8938
353 27 198 61 0.4125
353 27 198 61 0.4125
353 27 198 61 0.4125
353 27 198 61 0.4125
338 14 205 70 0.6957
338 14 205 70 0.6957
338 14 205 70 0.6957
338 14 205 70 0.6957
338 14 205 70 0.6957
319 27 210 32 0.3084
319 27 210 32 0.3084
319 27 210 32 0.3084
319 27 210 32 0.3084
319 27 210 32 0.3084
319 27 210 32 0.3084
319 27 210 32 0.3084
338 22 234 32 0.7071
338 22 234 32 0.7071
338 22 234 32 0.7071
338 22 234 32 0.7071
338 22 234 32 0.7071
338 22 234 32 0.7071
338 22 234 32 0.7071
338 22 234 32 0.7071
326 11 221 56 0.6602
326 11 221 56 0.6602
326 11 221 56 0.6602
326 11 221 56 0.6602
326 11 221 56 0.6602
326 11 221 56 0.6602
326 11 221 56 0.6602
326 11 221 56 0.6602
326 11 221 56 0.6602
325 24 219 31 0.4504
325 24 219 31 0.4504
325 24 219 31 0.4504
325 24 219 31 0.4504
325 24 219 31 0.4504
325 24 219 31 0.4504
325 24 219 31 0.4504
325 24 219 31 0.4504
325 24 219 31 0.4504
325 24 219 31 0.4504
348 13 248 36 0.8636
348 13 248 36 0.8636
348 13 248 36 0.8636
348 13 248 36 0.8636
348 13 248 36 0.8636
348 13 248 36 0.8636
348 13 248 36 0.8636
348 13 248 36 0.8636
348 13 248 36 0.8636
348 13 248 36 0.8636
348 13 248 36 0.8636
348 13 248 36 0.8636
348 13 248 36 0.8636
