94 39 234 43 0.7506
280 13 175 50 0.1343
237 49 347 17 0.5180
247 3 156 10 0.2215
201 37 291 0 0.6172
238 1 147 30 0.3190
239 36 5 39 0.3047
36 33 217 57 0.8843
82 17 190 45 0.5587
250 37 352 16 0.6246
265 10 169 30 0.1078
241 40 340 10 0.4785
245 23 339 8 0.3938
242 15 120 62 0.5309
264 22 171 9 0.1185
246 43 349 14 0.5474
271 1 164 87 0.6960
274 9 161 68 0.6121
348 34 140 53 0.8487
121 22 232 43 0.8464
218 34 4 50 0.2192
244 17 339 14 0.2721
252 8 351 51 0.7052
321 85 165 5 0.3571
316 12 219 30 0.2140
232 5 137 46 0.5663
242 18 334 7 0.4712
240 15 137 40 0.5520
251 47 353 11 0.6723
343 42 135 45 0.5338
221 31 324 20 0.1710
230 5 132 58 0.5627
252 4 145 76 0.7807
243 5 334 7 0.6228
262 6 158 66 0.2106
65 1 334 22 0.0978
46 1 137 44 0.8194
146 20 252 38 0.6468
84 17 187 37 0.6283
338 14 205 70 0.6957
245 6 152 26 0.2608
256 30 351 8 0.6469
326 11 221 56 0.6602
359 36 130 42 0.7651
269 13 163 50 0.7847
319 27 210 32 0.3084
65 0 335 36 0.1472
246 1 155 42 0.1394
240 12 139 43 0.6680
260 10 151 62 0.5117
301 38 145 50 0.8950
21 38 153 41 0.7705
125 25 342 59 0.6172
293 36 131 52 0.8699
23 31 155 48 0.7904
264 26 355 2 0.7228
20 36 163 47 0.8424
232 10 134 39 0.7597
222 16 121 34 0.0412
64 7 154 2 0.3321
254 19 103 69 0.3262
219 38 15 50 0.1296
255 12 164 4 0.1448
242 17 131 49 0.3557
262 6 166 46 0.7928
7 50 174 40 0.9297
245 20 2 52 0.6692
53 3 147 50 0.6364
133 35 251 34 0.7039
140 33 255 33 0.4218
348 13 248 36 0.8636
259 23 351 5 0.6523
259 23 351 5 0.6523
248 4 339 14 0.2846
248 4 339 14 0.2846
243 6 147 45 0.7115
243 6 147 45 0.7115
205 41 295 0 0.5282
205 41 295 0 0.5282
80 4 173 45 0.7176
80 4 173 45 0.7176
244 18 355 47 0.4733
244 18 355 47 0.4733
65 3 158 43 0.2726
65 3 158 43 0.2726
246 1 155 38 0.1608
246 1 155 38 0.1608
68 45 336 2 0.4966
68 45 336 2 0.4966
243 5 151 20 0.3109
243 5 151 20 0.3109
246 6 338 17 0.3315
246 6 338 17 0.3315
250 9 22 77 0.2559
250 9 22 77 0.2559
284 36 133 51 0.8938
284 36 133 51 0.8938
243 6 144 57 0.6054
243 6 144 57 0.6054
237 7 114 77 0.2606
237 7 114 77 0.2606
24 34 150 41 0.9860
24 34 150 41 0.9860
3 43 166 46 0.9002
3 43 166 46 0.9002
63 1 154 28 0.1566
63 1 154 28 0.1566
132 32 260 44 0.6542
132 32 260 44 0.6542
240 1 150 41 0.1045
240 1 150 41 0.1045
231 10 136 28 0.0241
231 10 136 28 0.0241
15 35 141 40 0.9381
15 35 141 40 0.9381
15 35 141 40 0.9381
243 5 152 15 0.2836
243 5 152 15 0.2836
243 5 152 15 0.2836
0 31 198 57 0.6036
0 31 198 57 0.6036
0 31 198 57 0.6036
275 15 133 71 0.3884
275 15 133 71 0.3884
275 15 133 71 0.3884
244 10 335 3 0.2220
244 10 335 3 0.2220
244 10 335 3 0.2220
249 14 341 9 0.3649
249 14 341 9 0.3649
249 14 341 9 0.3649
243 15 336 11 0.3510
243 15 336 11 0.3510
243 15 336 11 0.3510
229 9 128 52 0.2064
229 9 128 52 0.2064
229 9 128 52 0.2064
69 33 335 7 0.8536
69 33 335 7 0.8536
69 33 335 7 0.8536
242 2 151 21 0.1299
242 2 151 21 0.1299
242 2 151 21 0.1299
233 9 329 33 0.1191
233 9 329 33 0.1191
233 9 329 33 0.1191
233 9 329 33 0.1191
239 3 146 48 0.4653
239 3 146 48 0.4653
239 3 146 48 0.4653
239 3 146 48 0.4653
245 5 155 9 0.2999
245 5 155 9 0.2999
245 5 155 9 0.2999
245 5 155 9 0.2999
225 31 340 34 0.1420
225 31 340 34 0.1420
225 31 340 34 0.1420
225 31 340 34 0.1420
244 18 358 51 0.1899
244 18 358 51 0.1899
244 18 358 51 0.1899
244 18 358 51 0.1899
244 4 334 3 0.2933
244 4 334 3 0.2933
244 4 334 3 0.2933
244 4 334 3 0.2933
244 16 335 2 0.3737
244 16 335 2 0.3737
244 16 335 2 0.3737
244 16 335 2 0.3737
244 16 335 2 0.3737
40 10 138 40 0.8940
40 10 138 40 0.8940
40 10 138 40 0.8940
40 10 138 40 0.8940
40 10 138 40 0.8940
253 8 153 52 0.7431
253 8 153 52 0.7431
253 8 153 52 0.7431
253 8 153 52 0.7431
253 8 153 52 0.7431
245 16 337 5 0.4276
245 16 337 5 0.4276
245 16 337 5 0.4276
245 16 337 5 0.4276
245 16 337 5 0.4276
245 16 337 5 0.4276
236 1 145 39 0.6523
236 1 145 39 0.6523
236 1 145 39 0.6523
236 1 145 39 0.6523
236 1 145 39 0.6523
236 1 145 39 0.6523
65 0 335 61 0.1848
65 0 335 61 0.1848
65 0 335 61 0.1848
65 0 335 61 0.1848
65 0 335 61 0.1848
65 0 335 61 0.1848
65 0 335 61 0.1848
249 21 341 4 0.4439
249 21 341 4 0.4439
249 21 341 4 0.4439
249 21 341 4 0.4439
249 21 341 4 0.4439
249 21 341 4 0.4439
249 21 341 4 0.4439
