247 7 150 46 0.2074
43 5 313 5 0.1210
239 33 138 15 0.3185
238 18 136 32 0.3745
62 3 331 5 0.0542
253 29 1 30 0.1505
241 30 148 5 0.3409
266 11 160 54 0.3460
235 28 13 54 0.1507
41 4 133 28 0.1003
239 13 147 9 0.1191
48 12 142 19 0.3415
238 6 141 49 0.2374
62 6 161 54 0.6321
55 6 148 24 0.3657
68 7 162 32 0.1846
226 5 135 8 0.2009
261 21 154 38 0.0896
245 27 138 31 0.1645
99 5 193 42 0.4891
63 14 179 60 0.1489
226 20 126 24 0.1765
37 9 128 9 0.4485
51 4 142 16 0.2795
52 10 150 38 0.3602
255 28 149 28 0.1271
53 11 148 24 0.3325
253 17 155 26 0.1509
234 4 142 27 0.6663
272 9 174 39 0.6807
234 19 123 46 0.1226
49 12 139 0 0.3110
258 1 166 70 0.5248
259 11 162 29 0.2153
256 17 155 31 0.1100
39 5 132 31 0.2367
43 6 138 45 0.2668
234 23 129 31 0.2022
281 0 191 32 0.5510
265 10 169 30 0.1078
280 5 180 65 0.3762
45 9 136 8 0.2975
50 11 155 53 0.4407
53 10 144 4 0.2015
234 9 140 28 0.1428
89 8 186 43 0.5991
74 7 172 53 0.2225
231 14 132 33 0.2969
55 14 153 28 0.4177
267 16 164 37 0.2866
47 18 167 56 0.5981
55 17 152 23 0.3932
78 5 173 47 0.2723
256 15 155 36 0.4192
49 18 146 20 0.4094
264 9 168 30 0.2005
48 17 140 5 0.5787
267 5 172 42 0.4112
234 7 342 69 0.4330
232 23 124 37 0.1575
239 25 107 56 0.2312
236 11 138 36 0.3976
79 12 181 45 0.4352
239 9 140 44 0.4597
54 14 150 23 0.4358
256 2 164 41 0.6543
72 7 167 32 0.2519
83 5 178 49 0.4970
254 13 153 39 0.2575
246 12 147 38 0.2307
243 18 137 40 0.2546
279 4 186 39 0.5687
239 16 139 30 0.2750
94 4 187 37 0.5228
239 11 141 35 0.2986
232 13 132 38 0.3077
232 22 51 68 0.1898
244 7 149 35 0.5037
258 25 136 48 0.2835
237 23 129 37 0.0692
255 18 160 16 0.0477
42 6 138 40 0.0479
252 5 158 38 0.3230
268 11 166 48 0.3070
221 2 130 33 0.1231
265 16 158 46 0.1264
76 10 336 45 0.0070
253 10 159 22 0.1121
82 10 189 60 0.3730
262 4 168 40 0.1833
252 1 161 47 0.2223
45 6 145 59 0.4728
52 11 152 43 0.2335
50 9 144 28 0.2635
63 7 161 51 0.3267
81 4 173 23 0.1677
262 18 158 37 0.1965
262 18 158 37 0.1965
68 11 188 68 0.5326
68 11 188 68 0.5326
255 5 160 39 0.1827
255 5 160 39 0.1827
246 10 150 33 0.1684
246 10 150 33 0.1684
47 3 139 31 0.1054
47 3 139 31 0.1054
62 10 160 40 0.6020
62 10 160 40 0.6020
53 11 166 64 0.3724
53 11 166 64 0.3724
270 11 168 45 0.2191
270 11 168 45 0.2191
229 3 138 19 0.1750
229 3 138 19 0.1750
65 0 155 56 0.4133
65 0 155 56 0.4133
74 9 170 33 0.0759
74 9 170 33 0.0759
250 12 155 25 0.0717
250 12 155 25 0.0717
249 5 155 39 0.4399
249 5 155 39 0.4399
233 21 121 43 0.1578
233 21 121 43 0.1578
256 9 159 35 0.2972
256 9 159 35 0.2972
244 18 358 51 0.1899
244 18 358 51 0.1899
44 6 138 35 0.1576
44 6 138 35 0.1576
248 6 154 34 0.1651
248 6 154 34 0.1651
256 3 164 36 0.1949
256 3 164 36 0.1949
228 10 136 9 0.2819
228 10 136 9 0.2819
261 12 5 50 0.0218
261 12 5 50 0.0218
259 14 144 59 0.2076
259 14 144 59 0.2076
61 2 156 69 0.6156
61 2 156 69 0.6156
61 2 156 69 0.6156
244 6 148 44 0.1012
244 6 148 44 0.1012
244 6 148 44 0.1012
60 4 174 80 0.3959
60 4 174 80 0.3959
60 4 174 80 0.3959
40 7 131 9 0.3609
40 7 131 9 0.3609
40 7 131 9 0.3609
255 20 142 48 0.0792
255 20 142 48 0.0792
255 20 142 48 0.0792
248 6 150 52 0.2355
248 6 150 52 0.2355
248 6 150 52 0.2355
257 6 162 42 0.2218
257 6 162 42 0.2218
257 6 162 42 0.2218
256 9 159 35 0.1365
256 9 159 35 0.1365
256 9 159 35 0.1365
250 9 22 77 0.2559
250 9 22 77 0.2559
250 9 22 77 0.2559
250 9 22 77 0.2559
235 5 138 54 0.3432
235 5 138 54 0.3432
235 5 138 54 0.3432
235 5 138 54 0.3432
253 13 145 54 0.4450
253 13 145 54 0.4450
253 13 145 54 0.4450
253 13 145 54 0.4450
45 4 137 14 0.2052
45 4 137 14 0.2052
45 4 137 14 0.2052
45 4 137 14 0.2052
45 7 143 49 0.3995
45 7 143 49 0.3995
45 7 143 49 0.3995
45 7 143 49 0.3995
262 6 158 66 0.2106
262 6 158 66 0.2106
262 6 158 66 0.2106
262 6 158 66 0.2106
262 6 158 66 0.2106
242 13 342 36 0.0199
242 13 342 36 0.0199
242 13 342 36 0.0199
242 13 342 36 0.0199
242 13 342 36 0.0199
260 7 165 34 0.1834
260 7 165 34 0.1834
260 7 165 34 0.1834
260 7 165 34 0.1834
260 7 165 34 0.1834
241 14 144 28 0.0675
241 14 144 28 0.0675
241 14 144 28 0.0675
241 14 144 28 0.0675
241 14 144 28 0.0675
261 14 23 65 0.2461
261 14 23 65 0.2461
261 14 23 65 0.2461
261 14 23 65 0.2461
261 14 23 65 0.2461
261 14 23 65 0.2461
251 2 159 39 0.0458
251 2 159 39 0.0458
251 2 159 39 0.0458
251 2 159 39 0.0458
251 2 159 39 0.0458
251 2 159 39 0.0458
251 2 159 39 0.0458
251 2 159 39 0.0458
256 10 161 26 0.0490
256 10 161 26 0.0490
256 10 161 26 0.0490
256 10 161 26 0.0490
256 10 161 26 0.0490
256 10 161 26 0.0490
256 10 161 26 0.0490
256 10 161 26 0.0490
