41 6 308 33 0.3722
54 9 149 28 0.1287
236 3 328 31 0.3071
38 15 305 8 0.7421
248 22 142 33 0.5036
51 4 142 16 0.2795
55 36 166 27 0.5811
55 17 310 41 0.4956
58 14 309 53 0.4741
60 4 174 80 0.3959
39 17 297 35 0.8010
44 8 138 22 0.3248
58 31 304 34 0.6237
50 3 143 38 0.1648
232 1 142 31 0.1763
52 36 178 39 0.7458
52 36 178 39 0.7458
57 13 314 46 0.3980
57 13 314 46 0.3980
51 10 157 58 0.1737
51 10 157 58 0.1737
51 8 146 34 0.1312
51 8 146 34 0.1312
51 8 146 34 0.1312
51 8 146 34 0.1312
51 8 146 34 0.1312
51 8 146 34 0.1312
