250 21 342 3 0.2388
260 20 154 37 0.3214
227 18 125 34 0.1221
231 16 326 19 0.5435
231 18 326 17 0.4470
231 14 326 20 0.2467
65 33 323 18 0.6916
233 22 328 12 0.4171
234 6 328 35 0.1776
221 36 131 0 0.7169
236 27 349 37 0.2746
253 18 150 34 0.3332
226 22 113 44 0.1603
262 23 8 34 0.0793
58 10 325 14 0.7421
70 27 328 22 0.5451
252 30 352 16 0.5682
224 8 319 29 0.1268
246 25 351 29 0.0947
222 37 31 52 0.4445
227 22 322 13 0.3633
222 7 314 19 0.4128
237 23 334 14 0.3785
260 27 13 37 0.1521
206 6 297 14 0.4087
226 32 347 39 0.3754
57 7 325 18 0.6095
234 19 123 46 0.1226
251 4 342 6 0.5110
241 30 144 13 0.2325
252 21 352 25 0.1502
227 26 61 63 0.3664
230 33 36 57 0.4323
232 7 328 41 0.1160
258 19 161 18 0.4861
236 19 333 18 0.4975
225 8 128 40 0.3115
225 8 128 40 0.3115
244 19 138 38 0.1793
244 19 138 38 0.1793
227 29 346 41 0.3515
227 29 346 41 0.3515
226 10 115 65 0.3906
226 10 115 65 0.3906
240 18 336 16 0.3890
240 18 336 16 0.3890
226 29 82 56 0.7841
226 29 82 56 0.7841
231 10 136 28 0.0241
231 10 136 28 0.0241
226 15 321 18 0.5862
226 15 321 18 0.5862
240 19 338 23 0.4066
240 19 338 23 0.4066
64 23 326 18 0.6616
64 23 326 18 0.6616
64 23 326 18 0.6616
242 17 131 49 0.3557
242 17 131 49 0.3557
242 17 131 49 0.3557
226 23 118 35 0.1174
226 23 118 35 0.1174
226 23 118 35 0.1174
245 21 343 19 0.2308
245 21 343 19 0.2308
245 21 343 19 0.2308
235 24 328 7 0.3942
235 24 328 7 0.3942
235 24 328 7 0.3942
235 24 328 7 0.3942
257 26 80 64 0.2136
257 26 80 64 0.2136
257 26 80 64 0.2136
257 26 80 64 0.2136
257 26 80 64 0.2136
227 21 323 14 0.5415
227 21 323 14 0.5415
227 21 323 14 0.5415
227 21 323 14 0.5415
227 21 323 14 0.5415
255 22 358 30 0.0303
255 22 358 30 0.0303
255 22 358 30 0.0303
255 22 358 30 0.0303
255 22 358 30 0.0303
255 22 358 30 0.0303
230 19 325 15 0.2285
230 19 325 15 0.2285
230 19 325 15 0.2285
230 19 325 15 0.2285
230 19 325 15 0.2285
230 19 325 15 0.2285
228 25 326 17 0.4640
228 25 326 17 0.4640
228 25 326 17 0.4640
228 25 326 17 0.4640
228 25 326 17 0.4640
228 25 326 17 0.4640
233 22 127 34 0.0393
233 22 127 34 0.0393
233 22 127 34 0.0393
233 22 127 34 0.0393
233 22 127 34 0.0393
233 22 127 34 0.0393
233 22 127 34 0.0393
240 22 134 34 0.1390
240 22 134 34 0.1390
240 22 134 34 0.1390
240 22 134 34 0.1390
240 22 134 34 0.1390
240 22 134 34 0.1390
240 22 134 34 0.1390
240 22 134 34 0.1390
240 22 134 34 0.1390
240 22 134 34 0.1390
240 22 134 34 0.1390
239 24 331 3 0.3208
239 24 331 3 0.3208
239 24 331 3 0.3208
239 24 331 3 0.3208
239 24 331 3 0.3208
239 24 331 3 0.3208
239 24 331 3 0.3208
239 24 331 3 0.3208
239 24 331 3 0.3208
239 24 331 3 0.3208
239 24 331 3 0.3208
