98 31 349 28 0.0360
103 19 355 42 0.4124
68 41 169 12 0.4803
236 34 333 11 0.5911
56 46 146 0 0.9158
248 19 151 19 0.7752
45 39 136 1 0.6727
90 8 359 8 0.5514
62 41 159 8 0.4974
256 12 163 16 0.6276
44 30 138 7 0.8410
61 39 330 1 0.8197
253 10 159 20 0.6465
43 17 140 22 0.7192
102 25 360 25 0.4847
91 39 320 39 0.2118
88 35 195 23 0.1851
280 37 190 0 0.9407
42 25 141 19 0.7551
238 7 144 27 0.7866
87 5 357 7 0.5800
63 12 167 48 0.7486
63 54 163 7 0.5820
47 25 141 9 0.7393
81 32 183 17 0.2866
244 10 149 25 0.5902
254 27 153 22 0.6637
77 9 169 12 0.5130
82 33 331 29 0.0560
60 39 156 7 0.6042
113 74 336 12 0.8523
245 9 151 21 0.7466
50 19 149 26 0.7317
64 33 331 5 0.8987
52 21 142 0 0.6217
61 12 156 23 0.6960
61 12 156 23 0.6960
298 59 159 25 0.5395
298 59 159 25 0.5395
95 34 343 29 0.0873
95 34 343 29 0.0873
59 32 152 5 0.5332
59 32 152 5 0.5332
243 40 149 6 0.9447
243 40 149 6 0.9447
54 12 144 1 0.7278
54 12 144 1 0.7278
59 5 151 23 0.7886
59 5 151 23 0.7886
257 36 353 8 0.6098
257 36 353 8 0.6098
66 38 165 11 0.5673
66 38 165 11 0.5673
73 35 339 6 0.7489
73 35 339 6 0.7489
59 1 329 6 0.6640
59 1 329 6 0.6640
232 4 141 13 0.9078
232 4 141 13 0.9078
57 41 325 1 0.6768
57 41 325 1 0.6768
81 30 349 4 0.2786
81 30 349 4 0.2786
267 22 2 13 0.5662
267 22 2 13 0.5662
246 15 155 4 0.9462
246 15 155 4 0.9462
241 14 147 16 0.8552
241 14 147 16 0.8552
241 14 147 16 0.8552
268 28 6 16 0.5263
268 28 6 16 0.5263
268 28 6 16 0.5263
71 18 165 12 0.3799
71 18 165 12 0.3799
71 18 165 12 0.3799
56 42 322 5 0.5440
56 42 322 5 0.5440
56 42 322 5 0.5440
247 16 152 15 0.8329
247 16 152 15 0.8329
247 16 152 15 0.8329
53 5 323 0 0.6075
53 5 323 0 0.6075
53 5 323 0 0.6075
70 38 161 2 0.3829
70 38 161 2 0.3829
70 38 161 2 0.3829
70 38 161 2 0.3829
72 32 334 12 0.3090
72 32 334 12 0.3090
72 32 334 12 0.3090
72 32 334 12 0.3090
75 36 168 4 0.4449
75 36 168 4 0.4449
75 36 168 4 0.4449
75 36 168 4 0.4449
71 34 166 8 0.5548
71 34 166 8 0.5548
71 34 166 8 0.5548
71 34 166 8 0.5548
71 34 166 8 0.5548
58 37 150 2 0.6713
58 37 150 2 0.6713
58 37 150 2 0.6713
58 37 150 2 0.6713
58 37 150 2 0.6713
54 33 324 1 0.6157
54 33 324 1 0.6157
54 33 324 1 0.6157
54 33 324 1 0.6157
54 33 324 1 0.6157
256 30 351 8 0.6469
256 30 351 8 0.6469
256 30 351 8 0.6469
256 30 351 8 0.6469
256 30 351 8 0.6469
67 36 333 5 0.4015
67 36 333 5 0.4015
67 36 333 5 0.4015
67 36 333 5 0.4015
67 36 333 5 0.4015
48 33 142 6 0.8089
48 33 142 6 0.8089
48 33 142 6 0.8089
48 33 142 6 0.8089
48 33 142 6 0.8089
48 33 142 6 0.8089
73 34 171 12 0.4546
73 34 171 12 0.4546
73 34 171 12 0.4546
73 34 171 12 0.4546
73 34 171 12 0.4546
73 34 171 12 0.4546
243 33 334 2 0.9155
243 33 334 2 0.9155
243 33 334 2 0.9155
243 33 334 2 0.9155
243 33 334 2 0.9155
243 33 334 2 0.9155
85 28 325 43 0.1621
85 28 325 43 0.1621
85 28 325 43 0.1621
85 28 325 43 0.1621
85 28 325 43 0.1621
85 28 325 43 0.1621
74 27 167 6 0.3821
74 27 167 6 0.3821
74 27 167 6 0.3821
74 27 167 6 0.3821
74 27 167 6 0.3821
74 27 167 6 0.3821
74 27 167 6 0.3821
74 27 167 6 0.3821
87 32 349 13 0.1928
87 32 349 13 0.1928
87 32 349 13 0.1928
87 32 349 13 0.1928
87 32 349 13 0.1928
87 32 349 13 0.1928
87 32 349 13 0.1928
87 32 349 13 0.1928
87 32 349 13 0.1928
87 32 349 13 0.1928
