244 42 135 20 0.1828
54 34 161 23 0.3903
53 35 322 1 0.4263
63 25 173 35 0.6677
331 75 167 15 0.4386
46 44 159 22 0.7699
73 9 337 32 0.6019
263 31 355 3 0.5819
222 55 318 4 0.4058
248 24 351 27 0.2431
69 26 339 1 0.7605
216 53 335 19 0.6858
51 53 172 21 0.6752
69 26 331 16 0.7598
231 59 340 11 0.8925
237 27 344 30 0.5008
83 51 349 3 0.2377
256 9 351 29 0.2053
246 26 349 26 0.9335
245 25 351 31 0.3048
228 4 135 36 0.1766
244 26 144 21 0.2910
233 7 326 22 0.5297
32 37 126 6 0.2167
247 30 141 25 0.3166
112 42 0 22 0.8483
67 39 310 29 0.5621
57 37 170 27 0.8629
266 12 358 12 0.7736
242 2 151 21 0.1299
55 24 325 0 0.7606
76 35 334 16 0.6678
74 30 342 4 0.6916
56 53 168 16 0.2151
31 37 175 47 0.5571
254 32 360 24 0.8401
251 4 343 35 0.3683
52 37 158 20 0.5286
53 60 168 14 0.3597
271 18 3 6 0.6196
243 5 335 28 0.4326
48 6 315 20 0.3644
238 36 342 18 0.9202
245 2 154 19 0.3644
57 30 310 26 0.5448
43 50 158 20 0.5819
244 10 334 4 0.4761
46 15 138 9 0.4236
44 10 310 23 0.4035
231 10 322 2 0.4545
88 46 330 24 0.5960
65 15 159 15 0.7392
236 34 358 39 0.7847
48 34 154 22 0.4789
233 28 131 23 0.2032
266 32 165 17 0.5623
229 3 137 37 0.2368
252 17 349 22 0.7424
234 17 330 20 0.3570
66 18 165 26 0.6577
43 5 135 23 0.2429
236 47 2 28 0.7918
63 42 170 18 0.6776
86 58 355 1 0.4546
233 11 142 6 0.4624
239 30 136 21 0.1830
92 42 340 23 0.6847
248 23 147 23 0.2639
223 68 333 8 0.8209
241 33 348 24 0.2576
234 48 337 11 0.8803
97 11 4 13 0.3073
70 21 340 1 0.7078
63 37 168 19 0.6044
83 18 348 16 0.6890
250 15 154 20 0.2309
256 19 165 2 0.4879
87 47 340 15 0.3740
90 79 350 2 0.5337
227 15 321 16 0.4421
247 27 140 30 0.3870
71 25 331 21 0.8215
248 2 340 39 0.2757
94 33 335 37 0.5471
77 27 339 15 0.7300
220 3 127 38 0.1339
262 7 356 25 0.3782
262 4 354 30 0.2872
58 14 309 53 0.4741
58 42 174 26 0.6863
42 4 312 9 0.3158
230 11 328 35 0.3917
256 38 156 12 0.3270
59 31 171 32 0.7131
241 37 346 19 0.8837
94 8 2 19 0.2251
37 43 175 38 0.6716
58 33 159 16 0.6412
113 74 336 12 0.8523
245 5 153 24 0.3518
55 36 166 27 0.5811
63 31 158 8 0.6264
230 37 332 15 0.4397
252 45 5 21 0.7731
234 26 329 10 0.2994
254 16 345 3 0.3918
89 18 350 26 0.7892
240 3 331 19 0.6550
245 6 152 26 0.2608
261 28 358 13 0.7163
64 21 319 35 0.7496
237 20 141 18 0.1356
231 13 329 32 0.3826
44 11 310 20 0.3842
97 45 338 25 0.6567
239 3 329 3 0.3948
261 28 358 11 0.8069
261 28 358 11 0.8069
60 5 326 36 0.5534
60 5 326 36 0.5534
45 12 313 13 0.3932
45 12 313 13 0.3932
97 44 351 15 0.6499
97 44 351 15 0.6499
65 25 170 28 0.6650
65 25 170 28 0.6650
236 25 343 31 0.5776
236 25 343 31 0.5776
64 35 157 5 0.5909
64 35 157 5 0.5909
70 57 187 16 0.3824
70 57 187 16 0.3824
51 41 158 19 0.5205
51 41 158 19 0.5205
37 36 182 48 0.6673
37 36 182 48 0.6673
69 33 335 7 0.8536
69 33 335 7 0.8536
252 5 345 30 0.4351
252 5 345 30 0.4351
235 22 338 29 0.3608
235 22 338 29 0.3608
285 56 170 16 0.4856
285 56 170 16 0.4856
233 55 141 2 0.6466
233 55 141 2 0.6466
53 37 158 19 0.6490
53 37 158 19 0.6490
50 3 143 38 0.1648
50 3 143 38 0.1648
75 44 167 3 0.5236
75 44 167 3 0.5236
53 34 153 15 0.4293
53 34 153 15 0.4293
242 4 332 5 0.3456
242 4 332 5 0.3456
243 12 151 10 0.2655
243 12 151 10 0.2655
237 15 331 15 0.3475
237 15 331 15 0.3475
253 32 152 17 0.3295
253 32 152 17 0.3295
69 37 163 5 0.6904
69 37 163 5 0.6904
69 37 163 5 0.6904
262 37 0 10 0.6798
262 37 0 10 0.6798
262 37 0 10 0.6798
264 30 0 11 0.7376
264 30 0 11 0.7376
264 30 0 11 0.7376
52 46 321 1 0.7339
52 46 321 1 0.7339
52 46 321 1 0.7339
71 73 320 6 0.6463
71 73 320 6 0.6463
71 73 320 6 0.6463
263 41 0 8 0.6861
263 41 0 8 0.6861
263 41 0 8 0.6861
233 25 337 27 0.5471
233 25 337 27 0.5471
233 25 337 27 0.5471
265 31 1 11 0.6097
265 31 1 11 0.6097
265 31 1 11 0.6097
52 36 178 39 0.7458
52 36 178 39 0.7458
52 36 178 39 0.7458
58 3 327 19 0.6654
58 3 327 19 0.6654
58 3 327 19 0.6654
60 33 170 27 0.6505
60 33 170 27 0.6505
60 33 170 27 0.6505
81 46 342 9 0.5644
81 46 342 9 0.5644
81 46 342 9 0.5644
69 35 333 8 0.8273
69 35 333 8 0.8273
69 35 333 8 0.8273
69 35 333 8 0.8273
246 39 9 34 0.9282
246 39 9 34 0.9282
246 39 9 34 0.9282
246 39 9 34 0.9282
237 20 146 2 0.2224
237 20 146 2 0.2224
237 20 146 2 0.2224
237 20 146 2 0.2224
66 27 161 10 0.6740
66 27 161 10 0.6740
66 27 161 10 0.6740
66 27 161 10 0.6740
66 27 161 10 0.6740
57 41 325 1 0.6768
57 41 325 1 0.6768
57 41 325 1 0.6768
57 41 325 1 0.6768
57 41 325 1 0.6768
57 41 325 1 0.6768
72 28 177 26 0.8137
72 28 177 26 0.8137
72 28 177 26 0.8137
72 28 177 26 0.8137
72 28 177 26 0.8137
72 28 177 26 0.8137
60 35 159 12 0.6264
60 35 159 12 0.6264
60 35 159 12 0.6264
60 35 159 12 0.6264
60 35 159 12 0.6264
60 35 159 12 0.6264
245 29 145 17 0.2680
245 29 145 17 0.2680
245 29 145 17 0.2680
245 29 145 17 0.2680
245 29 145 17 0.2680
245 29 145 17 0.2680
245 29 145 17 0.2680
