201 34 80 37 0.3135
14 30 121 27 0.3122
32 25 298 7 0.3827
22 18 122 29 0.3905
348 30 85 12 0.7884
212 29 69 55 0.4272
257 36 139 33 0.5408
196 21 87 40 0.6736
188 14 85 42 0.7183
202 30 77 44 0.3130
20 23 286 11 0.5624
34 22 303 1 0.4814
197 43 290 3 0.8695
212 18 106 39 0.5517
230 34 80 52 0.5623
342 6 75 33 0.8843
6 7 104 47 0.5698
244 29 103 55 0.6346
7 26 112 28 0.1322
210 26 320 35 0.1322
232 40 45 49 0.6549
186 38 284 10 0.4626
206 29 83 44 0.4426
20 22 284 15 0.6088
195 25 87 34 0.5118
221 30 88 49 0.5115
271 40 74 49 0.8100
315 33 92 49 0.7282
249 28 138 34 0.6030
274 37 83 52 0.6973
16 31 128 33 0.2655
208 18 99 45 0.8129
1 48 104 12 0.4506
22 18 117 16 0.4364
330 30 130 59 0.4826
19 33 288 1 0.6416
20 22 121 25 0.3947
228 16 126 36 0.3612
222 33 117 22 0.2392
204 26 91 39 0.2943
221 33 77 51 0.6341
4 33 103 14 0.5062
331 28 138 61 0.3467
316 37 90 42 0.8260
186 10 82 53 0.5715
232 23 105 54 0.6543
282 39 72 47 0.7101
16 30 120 24 0.2943
202 30 82 41 0.5876
3 27 115 37 0.2445
173 5 79 36 0.7639
22 19 124 31 0.4463
22 19 124 31 0.4463
288 34 75 51 0.8155
288 34 75 51 0.8155
283 31 71 55 0.7655
283 31 71 55 0.7655
227 35 81 50 0.6752
227 35 81 50 0.6752
18 30 108 0 0.4275
18 30 108 0 0.4275
204 19 96 42 0.4046
204 19 96 42 0.4046
179 5 85 35 0.9601
179 5 85 35 0.9601
20 18 117 21 0.2618
20 18 117 21 0.2618
331 29 92 44 0.5816
331 29 92 44 0.5816
20 32 282 11 0.6249
20 32 282 11 0.6249
358 39 117 31 0.2294
358 39 117 31 0.2294
244 39 87 48 0.5020
244 39 87 48 0.5020
354 15 100 47 0.5834
354 15 100 47 0.5834
22 29 283 15 0.6805
22 29 283 15 0.6805
288 33 69 50 0.7336
288 33 69 50 0.7336
214 17 112 34 0.4287
214 17 112 34 0.4287
16 30 106 1 0.5101
16 30 106 1 0.5101
340 25 81 24 0.9733
340 25 81 24 0.9733
340 25 81 24 0.9733
335 24 93 46 0.6566
335 24 93 46 0.6566
335 24 93 46 0.6566
221 29 115 26 0.0937
221 29 115 26 0.0937
221 29 115 26 0.0937
11 32 103 3 0.4194
11 32 103 3 0.4194
11 32 103 3 0.4194
8 34 107 12 0.4027
8 34 107 12 0.4027
8 34 107 12 0.4027
8 34 107 12 0.4027
23 15 119 23 0.4504
23 15 119 23 0.4504
23 15 119 23 0.4504
23 15 119 23 0.4504
301 35 87 50 0.7378
301 35 87 50 0.7378
301 35 87 50 0.7378
301 35 87 50 0.7378
197 23 72 54 0.3090
197 23 72 54 0.3090
197 23 72 54 0.3090
197 23 72 54 0.3090
209 18 99 46 0.4513
209 18 99 46 0.4513
209 18 99 46 0.4513
209 18 99 46 0.4513
209 18 99 46 0.4513
278 41 79 48 0.8195
278 41 79 48 0.8195
278 41 79 48 0.8195
278 41 79 48 0.8195
278 41 79 48 0.8195
355 3 87 44 0.8588
355 3 87 44 0.8588
355 3 87 44 0.8588
355 3 87 44 0.8588
355 3 87 44 0.8588
355 3 87 44 0.8588
355 3 87 44 0.8588
355 3 87 44 0.8588
355 3 87 44 0.8588
355 3 87 44 0.8588
182 4 88 48 0.7156
182 4 88 48 0.7156
182 4 88 48 0.7156
182 4 88 48 0.7156
182 4 88 48 0.7156
182 4 88 48 0.7156
182 4 88 48 0.7156
182 4 88 48 0.7156
182 4 88 48 0.7156
182 4 88 48 0.7156
182 4 88 48 0.7156
182 4 88 48 0.7156
182 4 88 48 0.7156
182 4 88 48 0.7156
182 4 88 48 0.7156
182 4 88 48 0.7156
182 4 88 48 0.7156
182 4 88 48 0.7156
182 4 88 48 0.7156
