273 17 8 15 0.3159
73 38 343 1 0.9069
277 18 180 19 0.5216
251 2 159 39 0.0458
62 5 331 7 0.7176
59 15 160 37 0.2184
283 24 179 30 0.1677
255 3 345 4 0.7268
247 23 339 4 0.8392
92 43 345 17 0.8737
287 5 196 13 0.4065
244 10 335 3 0.2220
297 39 186 25 0.5136
290 35 194 8 0.6499
291 32 187 21 0.4722
77 35 333 19 0.9115
55 33 323 3 0.7173
29 68 158 14 0.4148
279 23 183 14 0.4806
82 31 173 2 0.9424
262 16 354 6 0.8774
295 25 198 16 0.7813
85 65 176 0 0.7310
236 12 328 11 0.8021
257 6 162 42 0.2218
80 35 194 30 0.6977
83 37 182 12 0.8612
89 6 179 3 0.4133
242 30 338 11 0.8473
245 30 146 16 0.4040
82 34 188 23 0.6813
299 28 195 25 0.8830
72 17 335 21 0.6616
267 10 173 21 0.3918
253 18 154 27 0.2530
266 11 161 53 0.1028
288 23 193 10 0.2300
261 38 351 0 0.9416
277 16 181 19 0.4366
85 18 349 17 0.9063
287 5 196 9 0.5776
70 5 339 4 0.5313
288 27 192 12 0.5869
282 28 182 19 0.6203
273 11 3 2 0.4998
273 10 4 10 0.2247
282 20 182 24 0.3913
244 31 339 8 0.6276
260 7 351 10 0.7683
88 38 346 15 0.8344
55 2 325 6 0.3853
260 7 165 34 0.1834
266 4 176 7 0.1889
243 1 334 7 0.6739
76 41 333 14 0.8817
288 26 183 29 0.1218
75 15 338 25 0.7653
84 2 354 11 0.6235
71 17 340 4 0.6979
288 26 194 8 0.5216
75 53 181 12 0.8975
72 64 207 19 0.7161
331 60 198 22 0.7786
69 17 339 2 0.7702
76 26 168 5 0.6323
77 24 336 22 0.8565
281 31 180 19 0.4400
85 40 206 31 0.6697
270 8 178 9 0.0545
69 35 333 8 0.8273
263 11 358 23 0.1723
243 3 334 11 0.2754
76 10 168 11 0.4650
89 24 186 16 0.5001
80 20 345 12 0.8085
252 29 343 3 0.7263
69 10 337 12 0.7950
87 31 349 12 0.8424
282 37 178 18 0.5250
73 16 341 4 0.6365
240 29 335 9 0.4670
259 14 144 59 0.2076
64 1 155 30 0.0254
289 30 187 20 0.2668
243 28 337 8 0.3279
300 43 193 17 0.6324
53 13 151 32 0.1984
298 39 184 27 0.3891
242 4 332 5 0.3456
290 24 192 17 0.2070
82 39 344 10 0.8587
88 27 189 20 0.5620
70 45 336 4 0.7925
82 35 189 23 0.8337
258 8 164 29 0.1523
88 49 343 13 0.9190
236 5 326 5 0.3422
74 18 167 10 0.8052
62 14 167 46 0.1307
256 3 165 17 0.3530
5 73 171 17 0.7427
5 73 171 17 0.7427
48 21 157 41 0.1484
48 21 157 41 0.1484
88 28 353 10 0.6909
88 28 353 10 0.6909
84 34 354 0 0.8392
84 34 354 0 0.8392
89 36 351 11 0.9030
89 36 351 11 0.9030
267 13 3 24 0.1099
267 13 3 24 0.1099
69 26 339 1 0.7605
69 26 339 1 0.7605
182 83 335 6 0.7489
182 83 335 6 0.7489
301 40 193 20 0.7221
301 40 193 20 0.7221
87 29 179 3 0.7635
87 29 179 3 0.7635
284 27 184 19 0.4459
284 27 184 19 0.4459
288 27 190 15 0.4526
288 27 190 15 0.4526
270 5 178 29 0.1926
270 5 178 29 0.1926
288 31 192 11 0.5071
288 31 192 11 0.5071
88 41 355 3 0.9251
88 41 355 3 0.9251
69 33 335 7 0.8536
69 33 335 7 0.8536
265 0 174 27 0.0485
265 0 174 27 0.0485
73 35 339 6 0.7489
73 35 339 6 0.7489
79 42 179 11 0.7318
79 42 179 11 0.7318
294 40 188 18 0.6121
294 40 188 18 0.6121
280 30 181 15 0.5423
280 30 181 15 0.5423
256 6 163 25 0.1951
256 6 163 25 0.1951
86 25 356 2 0.8789
86 25 356 2 0.8789
68 4 338 5 0.5745
68 4 338 5 0.5745
68 4 338 5 0.5745
77 30 337 17 0.8500
77 30 337 17 0.8500
77 30 337 17 0.8500
85 23 343 26 0.6852
85 23 343 26 0.6852
85 23 343 26 0.6852
247 9 338 7 0.8068
247 9 338 7 0.8068
247 9 338 7 0.8068
90 28 181 2 0.9196
90 28 181 2 0.9196
90 28 181 2 0.9196
84 42 338 17 0.8176
84 42 338 17 0.8176
84 42 338 17 0.8176
284 14 14 2 0.6013
284 14 14 2 0.6013
284 14 14 2 0.6013
246 42 340 5 0.8939
246 42 340 5 0.8939
246 42 340 5 0.8939
88 26 197 34 0.6893
88 26 197 34 0.6893
88 26 197 34 0.6893
88 26 197 34 0.6893
85 56 191 11 0.6911
85 56 191 11 0.6911
85 56 191 11 0.6911
85 56 191 11 0.6911
252 7 158 25 0.2027
252 7 158 25 0.2027
252 7 158 25 0.2027
252 7 158 25 0.2027
70 14 168 28 0.1962
70 14 168 28 0.1962
70 14 168 28 0.1962
70 14 168 28 0.1962
74 34 343 2 0.8130
74 34 343 2 0.8130
74 34 343 2 0.8130
74 34 343 2 0.8130
74 21 344 0 0.7544
74 21 344 0 0.7544
74 21 344 0 0.7544
74 21 344 0 0.7544
243 37 338 7 0.8146
243 37 338 7 0.8146
243 37 338 7 0.8146
243 37 338 7 0.8146
71 16 340 4 0.8371
71 16 340 4 0.8371
71 16 340 4 0.8371
71 16 340 4 0.8371
71 16 340 4 0.8371
71 16 340 4 0.8371
74 40 343 2 0.7541
74 40 343 2 0.7541
74 40 343 2 0.7541
74 40 343 2 0.7541
74 40 343 2 0.7541
74 40 343 2 0.7541
74 40 343 2 0.7541
78 44 346 2 0.8773
78 44 346 2 0.8773
78 44 346 2 0.8773
78 44 346 2 0.8773
78 44 346 2 0.8773
78 44 346 2 0.8773
78 44 346 2 0.8773
78 44 346 2 0.8773
