17 8 191 82 0.9719
124 38 334 48 0.8916
3 9 240 74 0.6237
108 14 0 51 0.6992
134 41 309 49 0.8384
190 17 69 59 0.4155
72 24 302 55 0.4299
33 14 290 41 0.6738
32 14 253 71 0.6765
67 8 183 72 0.7937
79 28 267 62 0.9309
144 35 324 55 0.7203
132 35 285 52 0.6409
72 19 219 68 0.3874
59 21 300 52 0.7009
52 11 166 64 0.6463
29 4 294 55 0.3878
108 26 314 61 0.7888
60 24 302 47 0.8102
342 12 101 66 0.6717
32 4 172 85 0.7366
110 14 309 76 0.6705
114 25 283 65 0.5441
78 9 202 74 0.8526
194 29 317 44 0.8334
152 19 290 65 0.4713
118 23 305 67 0.7548
66 34 291 46 0.6941
157 10 277 71 0.6305
85 23 302 62 0.8655
158 16 336 74 0.5531
139 40 346 47 0.8360
130 27 270 56 0.4146
66 18 311 52 0.8469
118 15 355 63 0.6812
127 30 286 58 0.7809
57 23 301 46 0.4436
78 28 281 60 0.4341
150 33 336 57 0.8994
41 18 291 47 0.5280
235 3 328 49 0.6792
63 30 285 52 0.9167
57 6 318 60 0.6251
331 4 235 58 0.6618
19 21 230 66 0.7738
41 3 303 72 0.8984
48 19 291 52 0.7057
20 14 271 52 0.9345
96 26 328 51 0.9469
176 27 313 55 0.9738
315 9 206 64 0.3986
131 26 293 63 0.4287
107 37 279 53 0.9333
177 12 73 50 0.4335
53 3 316 63 0.3541
355 9 120 74 0.7010
130 30 283 57 0.5324
151 1 254 84 0.7706
317 3 184 86 0.4522
325 14 213 56 0.4401
60 14 273 73 0.7073
63 1 331 73 0.7960
138 39 331 51 0.8238
271 1 164 87 0.6960
63 22 304 50 0.3370
39 24 257 61 0.8382
202 9 83 72 0.7894
143 40 322 50 0.6693
142 14 264 64 0.5927
139 13 335 76 0.5652
145 35 292 50 0.9212
61 2 156 69 0.6156
151 16 286 68 0.7390
186 1 74 87 0.9455
61 31 296 44 0.5071
349 2 245 80 0.7461
77 22 285 65 0.5726
29 22 237 66 0.9612
358 6 258 61 0.4368
128 25 310 65 0.7717
121 17 274 71 0.6751
133 15 286 74 0.7331
154 9 263 64 0.3651
118 25 358 47 0.6696
86 10 332 67 0.9257
33 20 282 44 0.8085
81 6 339 63 0.6968
98 20 300 69 0.9087
82 35 299 49 0.9950
43 2 311 55 0.5581
43 2 311 55 0.5581
322 6 208 76 0.7240
322 6 208 76 0.7240
68 25 282 61 0.7596
68 25 282 61 0.7596
315 12 125 78 0.6388
315 12 125 78 0.6388
49 9 304 59 0.7504
49 9 304 59 0.7504
74 23 244 66 0.6960
74 23 244 66 0.6960
34 17 278 55 0.8007
34 17 278 55 0.8007
44 11 236 79 0.7360
44 11 236 79 0.7360
33 21 250 64 0.4725
33 21 250 64 0.4725
150 36 292 47 0.9274
150 36 292 47 0.9274
330 6 221 70 0.4861
330 6 221 70 0.4861
153 8 260 65 0.8959
153 8 260 65 0.8959
346 11 150 79 0.8897
346 11 150 79 0.8897
25 7 279 67 0.8007
25 7 279 67 0.8007
18 5 263 79 0.6238
18 5 263 79 0.6238
131 37 321 52 0.6983
131 37 321 52 0.6983
98 23 265 67 0.5177
98 23 265 67 0.5177
302 8 182 74 0.4734
302 8 182 74 0.4734
17 12 256 68 0.7503
17 12 256 68 0.7503
7 14 156 74 0.7033
7 14 156 74 0.7033
177 3 275 72 0.5216
177 3 275 72 0.5216
149 14 268 63 0.9568
149 14 268 63 0.9568
27 15 213 75 0.8527
27 15 213 75 0.8527
140 5 246 71 0.6286
140 5 246 71 0.6286
53 24 280 57 0.9405
53 24 280 57 0.9405
161 13 298 72 0.3134
161 13 298 72 0.3134
197 2 298 81 0.8599
197 2 298 81 0.8599
139 38 289 48 0.8732
139 38 289 48 0.8732
43 21 244 68 0.8115
43 21 244 68 0.8115
43 21 244 68 0.8115
164 27 330 62 0.8548
164 27 330 62 0.8548
164 27 330 62 0.8548
43 15 285 61 0.7590
43 15 285 61 0.7590
43 15 285 61 0.7590
135 21 279 65 0.7124
135 21 279 65 0.7124
135 21 279 65 0.7124
25 1 294 45 0.9220
25 1 294 45 0.9220
25 1 294 45 0.9220
78 23 258 67 0.4041
78 23 258 67 0.4041
78 23 258 67 0.4041
109 20 266 68 0.6929
109 20 266 68 0.6929
109 20 266 68 0.6929
57 7 270 82 0.6504
57 7 270 82 0.6504
57 7 270 82 0.6504
339 5 228 77 0.8776
339 5 228 77 0.8776
339 5 228 77 0.8776
87 19 249 70 0.6491
87 19 249 70 0.6491
87 19 249 70 0.6491
328 6 183 83 0.9214
328 6 183 83 0.9214
328 6 183 83 0.9214
75 5 238 84 0.6726
75 5 238 84 0.6726
75 5 238 84 0.6726
75 5 238 84 0.6726
170 3 290 84 0.9338
170 3 290 84 0.9338
170 3 290 84 0.9338
170 3 290 84 0.9338
358 7 242 73 0.8731
358 7 242 73 0.8731
358 7 242 73 0.8731
358 7 242 73 0.8731
41 16 292 50 0.9358
41 16 292 50 0.9358
41 16 292 50 0.9358
41 16 292 50 0.9358
52 22 256 66 0.8377
52 22 256 66 0.8377
52 22 256 66 0.8377
52 22 256 66 0.8377
175 26 314 57 0.6258
175 26 314 57 0.6258
175 26 314 57 0.6258
175 26 314 57 0.6258
50 17 211 73 0.7782
50 17 211 73 0.7782
50 17 211 73 0.7782
50 17 211 73 0.7782
50 17 211 73 0.7782
88 10 250 80 0.7390
88 10 250 80 0.7390
88 10 250 80 0.7390
88 10 250 80 0.7390
88 10 250 80 0.7390
88 10 250 80 0.7390
124 2 223 77 0.8937
124 2 223 77 0.8937
124 2 223 77 0.8937
124 2 223 77 0.8937
124 2 223 77 0.8937
124 2 223 77 0.8937
59 18 259 71 0.8387
59 18 259 71 0.8387
59 18 259 71 0.8387
59 18 259 71 0.8387
59 18 259 71 0.8387
59 18 259 71 0.8387
59 18 259 71 0.8387
