316 55 209 12 0.4336
333 45 217 23 0.7651
38 52 224 38 0.2442
72 64 207 19 0.7161
77 0 167 14 0.3357
98 40 2 7 0.7557
303 37 202 15 0.4320
318 44 221 8 0.6355
331 44 229 13 0.4891
98 46 201 13 0.7456
54 60 234 30 0.6038
54 47 191 34 0.1580
75 36 168 4 0.4449
34 53 201 37 0.3493
100 60 262 29 0.4356
58 43 160 12 0.3172
92 11 184 8 0.6225
64 43 207 41 0.1718
307 56 47 7 0.4570
334 38 65 1 0.7850
300 43 193 17 0.6324
292 35 189 18 0.4453
246 2 155 22 0.2373
355 79 218 8 0.6060
91 44 190 9 0.6643
96 34 187 2 0.7786
352 60 228 18 0.8541
15 47 240 33 0.9470
95 40 194 10 0.6928
61 50 223 38 0.3864
90 40 190 11 0.4522
86 62 245 27 0.1235
67 37 177 25 0.3101
99 45 192 4 0.5903
276 11 182 22 0.4149
69 50 183 19 0.3892
94 37 188 6 0.9042
42 56 264 27 0.5562
53 54 227 36 0.2913
35 56 199 33 0.2416
314 43 214 10 0.3252
253 14 348 20 0.2405
270 15 178 7 0.5204
89 48 192 12 0.5641
87 5 180 32 0.4179
321 50 66 12 0.8056
99 43 6 3 0.7102
287 23 195 6 0.9592
291 36 190 15 0.3820
277 24 185 5 0.8216
91 43 183 2 0.5194
343 56 213 23 0.6603
334 58 236 5 0.7326
69 46 211 37 0.2283
274 28 173 20 0.2689
63 41 182 29 0.2190
304 42 204 11 0.7672
304 36 199 19 0.6437
87 48 235 38 0.7930
73 37 234 52 0.3204
72 55 231 33 0.2249
88 64 199 10 0.4951
72 52 182 15 0.1693
278 18 24 41 0.0121
67 40 174 19 0.3352
86 42 182 7 0.8383
320 41 224 7 0.7140
72 44 211 38 0.1733
280 9 187 18 0.1680
307 39 217 0 0.7771
319 50 217 10 0.7577
348 47 239 17 0.7722
133 34 252 36 0.9784
67 40 190 33 0.2957
92 32 187 8 0.7948
96 57 212 16 0.6820
63 42 177 24 0.2495
292 19 45 48 0.2742
44 60 263 24 0.6907
35 54 211 36 0.2638
286 36 183 18 0.4189
63 48 196 32 0.3215
332 38 234 11 0.5068
309 47 219 0 0.6496
152 34 242 1 0.8345
75 59 220 26 0.1957
54 50 198 35 0.1744
48 56 182 25 0.3120
271 23 178 7 0.4862
298 41 197 13 0.4781
91 27 186 9 0.7539
325 44 216 19 0.6530
90 32 186 10 0.6856
70 62 199 19 0.4876
53 58 223 32 0.2186
78 56 226 29 0.1161
82 34 177 7 0.6271
51 56 235 34 0.2930
307 47 214 3 0.4118
323 41 220 15 0.4645
310 48 44 3 0.2689
60 41 177 27 0.1448
40 60 225 30 0.2907
87 55 216 23 0.0249
55 52 253 37 0.2651
49 45 174 30 0.2410
100 39 193 4 0.8272
296 39 196 12 0.2242
277 17 185 6 0.6429
62 51 212 35 0.3823
95 63 258 26 0.5407
95 51 193 6 0.7815
333 64 217 12 0.5278
280 22 128 66 0.0563
343 47 232 19 0.5930
99 58 7 1 0.5858
73 53 227 34 0.1821
56 54 195 28 0.4594
40 51 255 33 0.2473
77 52 177 7 0.6075
51 48 198 37 0.1230
62 45 193 33 0.3267
34 69 245 18 0.4885
66 48 214 37 0.3434
58 59 188 21 0.2330
24 70 224 19 0.8005
24 70 224 19 0.8005
42 56 199 32 0.3629
42 56 199 32 0.3629
99 18 194 14 0.6547
99 18 194 14 0.6547
80 58 339 7 0.0096
80 58 339 7 0.0096
50 26 311 18 0.0727
50 26 311 18 0.0727
87 67 239 20 0.4313
87 67 239 20 0.4313
37 56 235 32 0.3481
37 56 235 32 0.3481
61 51 213 35 0.1878
61 51 213 35 0.1878
308 44 201 18 0.5301
308 44 201 18 0.5301
307 44 206 11 0.4832
307 44 206 11 0.4832
28 65 206 25 0.4879
28 65 206 25 0.4879
347 59 229 16 0.5594
347 59 229 16 0.5594
64 49 206 34 0.2379
64 49 206 34 0.2379
309 40 216 3 0.4867
309 40 216 3 0.4867
306 40 201 17 0.6072
306 40 201 17 0.6072
335 43 235 11 0.6478
335 43 235 11 0.6478
60 55 177 17 0.5263
60 55 177 17 0.5263
299 39 202 8 0.3551
299 39 202 8 0.3551
267 8 357 2 0.6014
267 8 357 2 0.6014
52 53 219 36 0.2698
52 53 219 36 0.2698
316 42 213 14 0.4687
316 42 213 14 0.4687
41 62 224 28 0.4558
41 62 224 28 0.4558
63 45 205 38 0.2451
63 45 205 38 0.2451
50 54 207 34 0.2640
50 54 207 34 0.2640
66 75 199 11 0.6637
66 75 199 11 0.6637
55 50 199 34 0.2763
55 50 199 34 0.2763
51 21 144 6 0.3118
51 21 144 6 0.3118
59 49 185 27 0.2599
59 49 185 27 0.2599
12 62 241 19 0.6892
12 62 241 19 0.6892
13 62 224 24 0.5294
13 62 224 24 0.5294
346 52 240 12 0.6847
346 52 240 12 0.6847
52 62 197 23 0.3361
52 62 197 23 0.3361
56 58 255 30 0.3031
56 58 255 30 0.3031
40 58 211 32 0.3700
40 58 211 32 0.3700
65 47 218 40 0.1930
65 47 218 40 0.1930
305 50 206 8 0.6076
305 50 206 8 0.6076
85 56 191 11 0.6911
85 56 191 11 0.6911
85 56 191 11 0.6911
63 54 210 31 0.3075
63 54 210 31 0.3075
63 54 210 31 0.3075
56 50 194 32 0.1778
56 50 194 32 0.1778
56 50 194 32 0.1778
290 24 192 17 0.2070
290 24 192 17 0.2070
290 24 192 17 0.2070
299 38 195 17 0.4933
299 38 195 17 0.4933
299 38 195 17 0.4933
53 55 202 31 0.2677
53 55 202 31 0.2677
53 55 202 31 0.2677
339 48 240 8 0.7616
339 48 240 8 0.7616
339 48 240 8 0.7616
316 48 216 10 0.5339
316 48 216 10 0.5339
316 48 216 10 0.5339
326 47 217 17 0.5517
326 47 217 17 0.5517
326 47 217 17 0.5517
336 50 226 16 0.6148
336 50 226 16 0.6148
336 50 226 16 0.6148
326 54 219 12 0.6189
326 54 219 12 0.6189
326 54 219 12 0.6189
320 55 227 2 0.8710
320 55 227 2 0.8710
320 55 227 2 0.8710
56 53 193 29 0.2482
56 53 193 29 0.2482
56 53 193 29 0.2482
56 45 187 33 0.2336
56 45 187 33 0.2336
56 45 187 33 0.2336
56 45 187 33 0.2336
60 47 188 30 0.2663
60 47 188 30 0.2663
60 47 188 30 0.2663
60 47 188 30 0.2663
62 54 212 33 0.1750
62 54 212 33 0.1750
62 54 212 33 0.1750
62 54 212 33 0.1750
319 54 222 5 0.3949
319 54 222 5 0.3949
319 54 222 5 0.3949
319 54 222 5 0.3949
340 67 215 14 0.8093
340 67 215 14 0.8093
340 67 215 14 0.8093
340 67 215 14 0.8093
