97 57 192 3 0.2312
81 46 342 9 0.5644
64 65 161 3 0.4809
60 47 188 30 0.2663
293 64 52 13 0.5818
265 24 169 14 0.3457
266 22 174 5 0.5944
124 83 304 7 0.1429
261 20 167 12 0.3890
90 79 350 2 0.5337
249 38 341 3 0.5390
88 64 199 10 0.4951
76 2 166 2 0.6288
286 64 161 16 0.3106
208 68 55 20 0.3144
53 60 168 14 0.3597
316 48 216 10 0.5339
259 42 163 6 0.3241
80 51 174 3 0.0620
260 39 353 4 0.4021
248 15 339 5 0.3023
258 25 348 2 0.5652
56 58 255 30 0.3031
93 63 247 25 0.2117
186 72 40 15 0.0548
30 73 178 15 0.3041
238 66 59 24 0.2424
80 39 348 2 0.5528
53 55 202 31 0.2677
246 48 344 7 0.5409
40 66 236 24 0.4262
272 32 177 8 0.8398
80 74 333 5 0.1724
263 50 354 1 0.3945
247 57 19 24 0.1223
262 69 144 10 0.2338
134 67 24 8 0.1987
267 23 174 7 0.5294
231 59 340 11 0.8925
301 80 178 5 0.1940
285 56 186 6 0.8063
79 36 176 9 0.7435
87 33 184 11 0.8700
83 37 182 12 0.8612
90 53 0 0 0.2310
83 57 227 28 0.1821
86 42 182 7 0.8383
81 45 183 11 0.4475
143 83 267 4 0.2205
70 78 202 8 0.2239
268 24 169 20 0.3086
190 87 282 0 0.2106
155 74 50 4 0.2664
213 61 23 28 0.5647
90 61 237 25 0.3118
279 63 50 18 0.3854
66 80 226 10 0.3708
85 56 191 11 0.6911
72 52 182 15 0.1693
31 84 236 5 0.1750
45 76 206 13 0.0822
254 34 346 3 0.5041
101 77 267 13 0.1650
69 50 183 19 0.3892
0 85 198 5 0.4201
76 51 190 18 0.5651
266 17 174 5 0.4403
63 48 196 32 0.3215
265 54 36 25 0.2211
239 56 348 12 0.4297
162 75 36 9 0.2765
239 72 50 18 0.4581
82 34 177 7 0.6271
74 55 202 23 0.2361
102 63 216 12 0.0741
267 48 176 1 0.5966
269 70 64 18 0.3573
109 80 278 10 0.2422
75 59 220 26 0.1957
80 24 172 5 0.4615
86 62 245 27 0.1235
227 54 36 35 0.7945
48 77 260 11 0.3600
103 55 354 12 0.4649
78 40 175 9 0.4138
85 78 289 11 0.1358
263 54 357 3 0.1178
257 10 167 1 0.4045
50 54 207 34 0.2640
72 63 291 21 0.0478
355 79 218 8 0.6060
82 30 177 8 0.4891
79 37 175 7 0.6079
86 54 188 8 0.4482
274 28 173 20 0.2689
130 76 334 13 0.3287
40 76 177 10 0.5009
82 53 198 19 0.4080
266 53 164 9 0.4190
84 64 341 6 0.3925
281 73 44 10 0.3168
59 46 179 26 0.4075
234 65 70 24 0.0523
88 70 263 20 0.1455
61 63 157 3 0.0289
340 67 215 14 0.8093
72 72 231 17 0.6031
166 68 29 16 0.4461
101 56 347 15 0.2931
257 28 156 20 0.2303
118 70 242 11 0.1107
213 70 14 19 0.4342
248 65 57 25 0.4229
241 61 351 10 0.1433
87 67 239 20 0.4313
277 75 15 2 0.3084
70 62 199 19 0.4876
224 73 23 16 0.2543
72 52 175 10 0.3794
82 31 173 2 0.6491
77 63 257 27 0.0770
76 63 228 24 0.3953
270 57 45 24 0.2780
270 57 45 24 0.2780
47 70 314 1 0.1913
47 70 314 1 0.1913
77 56 197 18 0.1750
77 56 197 18 0.1750
69 65 172 6 0.2992
69 65 172 6 0.2992
257 60 53 28 0.2898
257 60 53 28 0.2898
64 50 197 30 0.4188
64 50 197 30 0.4188
59 49 185 27 0.2599
59 49 185 27 0.2599
264 80 0 1 0.4183
264 80 0 1 0.4183
257 46 348 2 0.5265
257 46 348 2 0.5265
282 70 30 6 0.4553
282 70 30 6 0.4553
89 65 219 17 0.4872
89 65 219 17 0.4872
257 46 357 10 0.2762
257 46 357 10 0.2762
236 74 45 16 0.2033
236 74 45 16 0.2033
66 75 199 11 0.6637
66 75 199 11 0.6637
77 52 177 7 0.6075
77 52 177 7 0.6075
89 59 230 25 0.1994
89 59 230 25 0.1994
47 72 246 17 0.0540
47 72 246 17 0.0540
98 84 331 4 0.4078
98 84 331 4 0.4078
81 76 323 7 0.0679
81 76 323 7 0.0679
83 45 175 3 0.6130
83 45 175 3 0.6130
84 27 175 2 0.8420
84 27 175 2 0.8420
72 75 163 0 0.1694
72 75 163 0 0.1694
250 54 5 17 0.1359
250 54 5 17 0.1359
250 21 342 3 0.2388
250 21 342 3 0.2388
80 58 339 7 0.0096
80 58 339 7 0.0096
85 65 176 0 0.7310
85 65 176 0 0.7310
147 78 4 9 0.3932
147 78 4 9 0.3932
339 87 76 0 0.1945
339 87 76 0 0.1945
267 63 15 9 0.1974
267 63 15 9 0.1974
260 64 168 1 0.2438
260 64 168 1 0.2438
85 62 221 21 0.1311
85 62 221 21 0.1311
260 63 352 1 0.5515
260 63 352 1 0.5515
260 63 352 1 0.5515
85 73 185 3 0.3577
85 73 185 3 0.3577
85 73 185 3 0.3577
99 56 355 9 0.1859
99 56 355 9 0.1859
99 56 355 9 0.1859
77 61 183 9 0.2358
77 61 183 9 0.2358
77 61 183 9 0.2358
86 58 355 1 0.4546
86 58 355 1 0.4546
86 58 355 1 0.4546
253 46 348 5 0.3230
253 46 348 5 0.3230
253 46 348 5 0.3230
214 79 346 7 0.3611
214 79 346 7 0.3611
214 79 346 7 0.3611
84 59 196 13 0.2695
84 59 196 13 0.2695
84 59 196 13 0.2695
159 89 39 1 0.4245
159 89 39 1 0.4245
159 89 39 1 0.4245
294 79 41 3 0.1111
294 79 41 3 0.1111
294 79 41 3 0.1111
83 51 349 3 0.2377
83 51 349 3 0.2377
83 51 349 3 0.2377
70 62 181 11 0.5316
70 62 181 11 0.5316
70 62 181 11 0.5316
222 75 2 11 0.1532
222 75 2 11 0.1532
222 75 2 11 0.1532
222 75 2 11 0.1532
194 80 21 10 0.3778
194 80 21 10 0.3778
194 80 21 10 0.3778
194 80 21 10 0.3778
102 89 238 1 0.4029
102 89 238 1 0.4029
102 89 238 1 0.4029
102 89 238 1 0.4029
247 71 35 16 0.3415
247 71 35 16 0.3415
247 71 35 16 0.3415
247 71 35 16 0.3415
199 87 6 3 0.1321
199 87 6 3 0.1321
199 87 6 3 0.1321
199 87 6 3 0.1321
199 87 6 3 0.1321
