70 22 165 11 0.1087
80 45 335 14 0.1885
80 7 172 14 0.1379
72 34 337 7 0.2367
61 42 321 11 0.1996
81 26 189 32 0.0904
75 24 175 23 0.1415
83 26 307 56 0.0227
74 41 181 19 0.0578
76 10 336 45 0.0070
76 22 345 1 0.3211
76 22 345 1 0.3211
87 31 351 10 0.3371
87 31 351 10 0.3371
70 20 194 56 0.0678
70 20 194 56 0.0678
70 20 194 56 0.0678
70 30 331 16 0.1525
70 30 331 16 0.1525
70 30 331 16 0.1525
79 24 331 34 0.0214
79 24 331 34 0.0214
79 24 331 34 0.0214
78 18 179 31 0.0379
78 18 179 31 0.0379
78 18 179 31 0.0379
78 18 179 31 0.0379
78 18 179 31 0.0379
78 18 179 31 0.0379
78 18 179 31 0.0379
78 18 179 31 0.0379
78 18 179 31 0.0379
78 18 179 31 0.0379
78 18 179 31 0.0379
75 28 344 2 0.1743
75 28 344 2 0.1743
75 28 344 2 0.1743
75 28 344 2 0.1743
75 28 344 2 0.1743
75 28 344 2 0.1743
75 28 344 2 0.1743
75 28 344 2 0.1743
75 28 344 2 0.1743
75 28 344 2 0.1743
75 28 344 2 0.1743
67 32 160 6 0.1858
67 32 160 6 0.1858
67 32 160 6 0.1858
67 32 160 6 0.1858
67 32 160 6 0.1858
67 32 160 6 0.1858
67 32 160 6 0.1858
67 32 160 6 0.1858
67 32 160 6 0.1858
67 32 160 6 0.1858
67 32 160 6 0.1858
67 32 160 6 0.1858
67 32 160 6 0.1858
81 30 349 4 0.2786
81 30 349 4 0.2786
81 30 349 4 0.2786
81 30 349 4 0.2786
81 30 349 4 0.2786
81 30 349 4 0.2786
81 30 349 4 0.2786
81 30 349 4 0.2786
81 30 349 4 0.2786
81 30 349 4 0.2786
81 30 349 4 0.2786
81 30 349 4 0.2786
81 30 349 4 0.2786
81 30 349 4 0.2786
81 30 349 4 0.2786
81 30 349 4 0.2786
81 30 349 4 0.2786
81 30 349 4 0.2786
81 30 349 4 0.2786
81 30 349 4 0.2786
