295 33 192 19 0.5675
277 27 35 43 0.6872
274 34 34 36 0.7607
284 33 26 17 0.6908
304 8 214 0 0.5777
300 38 200 13 0.9564
275 41 96 49 0.4972
275 38 92 52 0.5843
213 45 316 12 0.1290
286 24 32 32 0.5970
259 35 27 41 0.4019
267 28 166 21 0.8028
38 68 196 21 0.6201
274 35 174 14 0.5500
287 20 186 27 0.5895
276 15 175 36 0.6869
113 46 8 14 0.5653
287 48 86 40 0.2571
292 5 199 34 0.7024
40 76 177 10 0.5009
296 34 194 18 0.8273
338 72 140 17 0.2235
296 11 201 21 0.4866
282 43 65 40 0.3430
289 19 191 24 0.5558
280 38 44 36 0.4575
290 15 189 35 0.1341
256 30 21 45 0.2317
308 30 187 42 0.4841
291 12 197 18 0.3405
282 30 179 21 0.7566
102 89 238 1 0.4029
277 26 11 8 0.1870
331 60 198 22 0.7786
282 43 27 16 0.4586
291 26 199 5 0.6904
59 8 155 32 0.6220
74 38 202 38 0.9211
288 37 21 3 0.7123
316 26 218 16 0.8236
279 28 186 6 0.5986
122 7 21 56 0.4838
112 19 220 41 0.9237
295 58 120 32 0.2652
282 56 113 33 0.3611
305 40 190 26 0.7901
310 43 193 26 0.7008
302 55 190 15 0.5635
273 16 173 30 0.2565
247 37 23 43 0.0447
299 61 118 29 0.1811
326 48 205 25 0.7402
282 14 183 33 0.5893
294 13 200 18 0.4328
283 19 183 28 0.4737
269 19 168 28 0.4137
269 22 172 17 0.6159
280 35 186 6 0.5578
349 67 152 22 0.0695
299 18 199 28 0.9666
295 63 118 27 0.4300
293 57 116 33 0.4771
53 47 202 38 0.8278
277 19 178 25 0.3902
303 55 140 34 0.1449
297 37 194 17 0.9584
8 60 163 27 0.2614
291 31 190 18 0.8861
300 45 167 35 0.3230
294 13 198 24 0.3588
303 66 184 12 0.1399
303 66 184 12 0.1399
283 26 33 36 0.6946
283 26 33 36 0.6946
292 19 191 28 0.6228
292 19 191 28 0.6228
285 31 35 30 0.7934
285 31 35 30 0.7934
277 75 15 2 0.3084
277 75 15 2 0.3084
297 39 179 31 0.3981
297 39 179 31 0.3981
292 58 39 10 0.2004
292 58 39 10 0.2004
278 46 94 44 0.2578
278 46 94 44 0.2578
285 23 34 38 0.6460
285 23 34 38 0.6460
299 50 185 19 0.9018
299 50 185 19 0.9018
281 27 29 30 0.5905
281 27 29 30 0.5905
282 70 30 6 0.4553
282 70 30 6 0.4553
286 14 188 29 0.5683
286 14 188 29 0.5683
340 67 215 14 0.8093
340 67 215 14 0.8093
283 58 124 30 0.0732
283 58 124 30 0.0732
283 58 124 30 0.0732
320 40 211 21 0.8305
320 40 211 21 0.8305
320 40 211 21 0.8305
294 29 193 20 0.5757
294 29 193 20 0.5757
294 29 193 20 0.5757
268 38 32 36 0.7539
268 38 32 36 0.7539
268 38 32 36 0.7539
242 47 333 1 0.2244
242 47 333 1 0.2244
242 47 333 1 0.2244
299 61 198 6 0.3889
299 61 198 6 0.3889
299 61 198 6 0.3889
277 67 29 9 0.2161
277 67 29 9 0.2161
277 67 29 9 0.2161
292 14 196 22 0.5031
292 14 196 22 0.5031
292 14 196 22 0.5031
85 46 209 29 0.9898
85 46 209 29 0.9898
85 46 209 29 0.9898
288 63 167 15 0.0888
288 63 167 15 0.0888
288 63 167 15 0.0888
291 19 195 16 0.6223
291 19 195 16 0.6223
291 19 195 16 0.6223
321 44 205 25 0.7774
321 44 205 25 0.7774
321 44 205 25 0.7774
321 44 205 25 0.7774
272 17 173 25 0.2065
272 17 173 25 0.2065
272 17 173 25 0.2065
272 17 173 25 0.2065
250 47 1 18 0.3113
250 47 1 18 0.3113
250 47 1 18 0.3113
250 47 1 18 0.3113
250 47 1 18 0.3113
297 33 153 51 0.3389
297 33 153 51 0.3389
297 33 153 51 0.3389
297 33 153 51 0.3389
297 33 153 51 0.3389
287 55 22 4 0.3631
287 55 22 4 0.3631
287 55 22 4 0.3631
287 55 22 4 0.3631
287 55 22 4 0.3631
287 55 22 4 0.3631
287 55 22 4 0.3631
287 55 22 4 0.3631
287 55 22 4 0.3631
308 70 146 20 0.1184
308 70 146 20 0.1184
308 70 146 20 0.1184
308 70 146 20 0.1184
308 70 146 20 0.1184
308 70 146 20 0.1184
308 70 146 20 0.1184
308 70 146 20 0.1184
308 70 146 20 0.1184
308 70 146 20 0.1184
0 85 198 5 0.4201
0 85 198 5 0.4201
0 85 198 5 0.4201
0 85 198 5 0.4201
0 85 198 5 0.4201
0 85 198 5 0.4201
0 85 198 5 0.4201
0 85 198 5 0.4201
0 85 198 5 0.4201
0 85 198 5 0.4201
0 85 198 5 0.4201
0 85 198 5 0.4201
0 85 198 5 0.4201
0 85 198 5 0.4201
