260 33 28 43 0.5464
283 26 33 36 0.6946
286 14 188 29 0.5683
271 7 3 17 0.6838
269 33 19 27 0.7471
234 32 351 36 0.1289
92 24 356 13 0.8454
281 38 28 21 0.7462
331 60 198 22 0.7786
230 35 0 43 0.5995
281 9 189 16 0.8957
250 54 5 17 0.1359
83 12 351 12 0.3842
293 24 158 58 0.4472
294 42 197 8 0.8167
254 33 357 19 0.7645
96 0 186 32 0.8180
266 11 160 54 0.3460
106 10 12 18 0.5459
263 27 3 20 0.6982
238 19 345 41 0.6171
291 42 170 30 0.7906
86 3 355 18 0.5421
277 8 19 56 0.5898
272 3 5 46 0.7043
105 25 200 11 0.4757
237 15 343 46 0.5487
261 17 167 12 0.4837
261 21 9 38 0.7963
118 6 21 46 0.4853
121 4 27 40 0.6508
264 80 0 1 0.4183
252 17 352 30 0.5887
330 52 206 23 0.7831
94 10 357 32 0.2137
293 50 190 10 0.3520
236 43 353 26 0.5306
261 14 23 65 0.2461
259 3 357 71 0.6559
111 6 18 30 0.6787
229 45 354 30 0.6304
80 1 349 37 0.5068
231 38 351 33 0.5116
266 11 161 53 0.1028
82 4 349 33 0.2953
263 4 171 22 0.6592
277 12 13 29 0.8264
101 13 10 4 0.7362
297 37 194 17 0.9584
74 13 340 14 0.5654
47 55 314 2 0.6605
106 52 214 14 0.4977
274 34 34 36 0.7607
100 17 7 11 0.4971
268 11 166 48 0.3070
248 31 37 55 0.4134
108 18 201 9 0.8816
261 8 165 33 0.3305
287 24 30 26 0.6040
234 20 341 38 0.1101
81 32 211 46 0.8749
326 48 205 25 0.7402
244 49 7 25 0.8735
259 22 155 31 0.7217
231 37 5 42 0.6933
293 13 196 28 0.5953
293 30 159 50 0.4864
269 25 13 28 0.9092
321 44 205 25 0.7774
276 15 175 36 0.6869
237 28 360 45 0.6745
81 45 205 30 0.8299
78 8 346 16 0.3118
80 22 185 33 0.1464
289 3 21 30 0.6900
82 42 178 7 0.2478
280 32 31 29 0.7420
291 31 190 18 0.8861
305 40 190 26 0.7901
281 35 29 25 0.7587
257 4 350 35 0.4567
257 3 350 38 0.2959
89 14 182 10 0.2596
281 9 186 33 0.4370
244 45 357 21 0.6862
72 0 342 50 0.4019
318 51 189 27 0.7351
96 6 4 18 0.7461
291 17 191 30 0.4987
290 53 146 31 0.1407
270 11 168 45 0.2191
84 30 180 10 0.3304
233 26 351 44 0.5484
96 19 355 31 0.2436
81 26 189 32 0.0904
101 21 9 7 0.6542
108 31 203 8 0.4756
297 33 153 51 0.3389
235 24 347 40 0.4400
310 43 193 26 0.7008
272 17 173 25 0.2065
257 1 166 49 0.4282
85 59 209 19 0.9495
261 28 1 18 0.6155
263 16 162 35 0.5011
85 6 352 32 0.2012
265 13 166 34 0.4220
83 10 349 24 0.2391
83 10 349 24 0.2391
214 79 346 7 0.3611
214 79 346 7 0.3611
113 3 20 41 0.6949
113 3 20 41 0.6949
258 31 7 28 0.8538
258 31 7 28 0.8538
122 7 21 56 0.4838
122 7 21 56 0.4838
245 30 356 32 0.6826
245 30 356 32 0.6826
257 3 349 42 0.5816
257 3 349 42 0.5816
256 38 7 25 0.7247
256 38 7 25 0.7247
217 45 17 44 0.5629
217 45 17 44 0.5629
281 13 24 44 0.4760
281 13 24 44 0.4760
285 31 35 30 0.7934
285 31 35 30 0.7934
256 49 18 25 0.8500
256 49 18 25 0.8500
82 41 346 6 0.7100
82 41 346 6 0.7100
245 52 1 19 0.7151
245 52 1 19 0.7151
96 14 3 13 0.6959
96 14 3 13 0.6959
287 3 19 31 0.8366
287 3 19 31 0.8366
243 15 347 42 0.6879
243 15 347 42 0.6879
287 8 193 29 0.5833
287 8 193 29 0.5833
235 42 358 31 0.6147
235 42 358 31 0.6147
0 85 198 5 0.4201
0 85 198 5 0.4201
254 7 348 34 0.5986
254 7 348 34 0.5986
235 13 338 42 0.4368
235 13 338 42 0.4368
224 64 17 23 0.6983
224 64 17 23 0.6983
285 11 24 38 0.8484
285 11 24 38 0.8484
254 29 2 30 0.8436
254 29 2 30 0.8436
113 8 20 19 0.8498
113 8 20 19 0.8498
268 38 32 36 0.7539
268 38 32 36 0.7539
243 28 355 35 0.6733
243 28 355 35 0.6733
98 12 4 19 0.7143
98 12 4 19 0.7143
113 34 207 6 0.5117
113 34 207 6 0.5117
78 1 348 30 0.2292
78 1 348 30 0.2292
282 70 30 6 0.4553
282 70 30 6 0.4553
273 10 175 39 0.2751
273 10 175 39 0.2751
287 55 22 4 0.3631
287 55 22 4 0.3631
287 55 22 4 0.3631
93 15 356 26 0.2278
93 15 356 26 0.2278
93 15 356 26 0.2278
271 20 14 32 0.7673
271 20 14 32 0.7673
271 20 14 32 0.7673
224 60 352 19 0.6179
224 60 352 19 0.6179
224 60 352 19 0.6179
247 8 345 46 0.5278
247 8 345 46 0.5278
247 8 345 46 0.5278
256 9 161 30 0.4172
256 9 161 30 0.4172
256 9 161 30 0.4172
260 35 3 18 0.7843
260 35 3 18 0.7843
260 35 3 18 0.7843
290 2 23 51 0.5558
290 2 23 51 0.5558
290 2 23 51 0.5558
87 9 352 28 0.2652
87 9 352 28 0.2652
87 9 352 28 0.2652
55 50 207 36 0.8514
55 50 207 36 0.8514
55 50 207 36 0.8514
264 23 162 27 0.6721
264 23 162 27 0.6721
264 23 162 27 0.6721
286 7 23 43 0.6434
286 7 23 43 0.6434
286 7 23 43 0.6434
262 7 168 28 0.4325
262 7 168 28 0.4325
262 7 168 28 0.4325
90 12 357 16 0.1480
90 12 357 16 0.1480
90 12 357 16 0.1480
90 12 357 16 0.1480
259 9 355 31 0.6913
259 9 355 31 0.6913
259 9 355 31 0.6913
259 9 355 31 0.6913
78 4 345 38 0.3757
78 4 345 38 0.3757
78 4 345 38 0.3757
78 4 345 38 0.3757
257 46 21 28 0.9380
257 46 21 28 0.9380
257 46 21 28 0.9380
257 46 21 28 0.9380
252 45 5 21 0.7731
252 45 5 21 0.7731
252 45 5 21 0.7731
252 45 5 21 0.7731
85 46 209 29 0.9898
85 46 209 29 0.9898
85 46 209 29 0.9898
85 46 209 29 0.9898
231 31 349 38 0.5502
231 31 349 38 0.5502
231 31 349 38 0.5502
231 31 349 38 0.5502
194 80 21 10 0.3778
194 80 21 10 0.3778
194 80 21 10 0.3778
194 80 21 10 0.3778
194 80 21 10 0.3778
250 47 1 18 0.3113
250 47 1 18 0.3113
250 47 1 18 0.3113
250 47 1 18 0.3113
250 47 1 18 0.3113
76 1 346 44 0.3857
76 1 346 44 0.3857
76 1 346 44 0.3857
76 1 346 44 0.3857
76 1 346 44 0.3857
