140 73 355 14 0.2920
99 58 7 1 0.5858
70 78 202 8 0.2239
205 55 318 15 0.3433
72 52 254 38 0.1281
109 49 359 17 0.4435
188 68 333 18 0.0783
208 72 329 10 0.4943
96 56 330 22 0.1957
198 67 324 14 0.3242
97 63 320 21 0.2315
46 64 172 16 0.5688
201 62 348 24 0.1365
98 84 331 4 0.4078
207 64 314 8 0.1941
65 36 233 53 0.6128
196 69 311 9 0.4203
196 69 311 9 0.4203
99 56 355 9 0.1859
99 56 355 9 0.1859
217 76 322 4 0.2592
217 76 322 4 0.2592
80 74 333 5 0.1724
80 74 333 5 0.1724
91 41 213 32 0.1995
91 41 213 32 0.1995
80 72 320 9 0.3111
80 72 320 9 0.3111
122 60 354 20 0.3603
122 60 354 20 0.3603
128 67 343 19 0.3949
128 67 343 19 0.3949
310 77 190 7 0.1860
310 77 190 7 0.1860
209 69 341 15 0.3428
209 69 341 15 0.3428
150 75 345 15 0.5518
150 75 345 15 0.5518
150 75 345 15 0.5518
105 57 337 22 0.3324
105 57 337 22 0.3324
105 57 337 22 0.3324
105 57 337 22 0.3324
136 76 318 14 0.5122
136 76 318 14 0.5122
136 76 318 14 0.5122
136 76 318 14 0.5122
103 55 354 12 0.4649
103 55 354 12 0.4649
103 55 354 12 0.4649
103 55 354 12 0.4649
103 55 354 12 0.4649
121 57 30 1 0.3837
121 57 30 1 0.3837
121 57 30 1 0.3837
121 57 30 1 0.3837
121 57 30 1 0.3837
321 74 106 13 0.1675
321 74 106 13 0.1675
321 74 106 13 0.1675
321 74 106 13 0.1675
321 74 106 13 0.1675
85 73 185 3 0.3577
85 73 185 3 0.3577
85 73 185 3 0.3577
85 73 185 3 0.3577
85 73 185 3 0.3577
85 73 185 3 0.3577
85 73 185 3 0.3577
85 73 185 3 0.3577
85 73 185 3 0.3577
85 73 185 3 0.3577
85 73 185 3 0.3577
85 73 185 3 0.3577
85 73 185 3 0.3577
85 73 185 3 0.3577
85 73 185 3 0.3577
85 73 185 3 0.3577
101 56 347 15 0.2931
101 56 347 15 0.2931
101 56 347 15 0.2931
101 56 347 15 0.2931
101 56 347 15 0.2931
101 56 347 15 0.2931
101 56 347 15 0.2931
101 56 347 15 0.2931
101 56 347 15 0.2931
101 56 347 15 0.2931
101 56 347 15 0.2931
101 56 347 15 0.2931
101 56 347 15 0.2931
101 56 347 15 0.2931
101 56 347 15 0.2931
101 56 347 15 0.2931
101 56 347 15 0.2931
101 56 347 15 0.2931
101 56 347 15 0.2931
101 56 347 15 0.2931
