302 11 40 34 0.6303
173 5 79 36 0.7639
205 24 70 58 0.8740
246 3 338 30 0.3380
234 42 38 47 0.6574
143 1 53 2 0.7711
265 61 62 27 0.8150
29 39 133 16 0.2124
147 0 57 12 0.9100
298 0 34 86 0.7089
5 59 265 6 0.2618
291 44 50 28 0.9543
228 22 129 20 0.4403
335 0 65 40 0.8679
247 3 338 20 0.1910
227 17 135 7 0.4278
215 37 54 51 0.5665
326 5 60 34 0.7092
321 74 106 13 0.1675
293 36 49 31 0.8949
256 41 80 49 0.9449
182 36 64 32 0.9287
26 37 127 14 0.6037
1 48 104 12 0.4506
322 10 58 27 0.7710
10 50 253 21 0.3052
71 18 336 16 0.3265
333 7 69 38 0.7522
7 53 101 3 0.5243
294 18 31 20 0.7332
225 30 113 32 0.2698
163 30 60 20 0.9127
163 30 60 20 0.9127
310 33 66 35 0.9756
310 33 66 35 0.9756
227 18 125 34 0.1221
227 18 125 34 0.1221
318 10 70 66 0.8516
318 10 70 66 0.8516
160 32 61 13 0.9555
160 32 61 13 0.9555
225 28 70 59 0.5156
225 28 70 59 0.5156
225 28 70 59 0.5156
326 5 62 48 0.7449
326 5 62 48 0.7449
326 5 62 48 0.7449
326 5 62 48 0.7449
335 3 71 62 0.7061
335 3 71 62 0.7061
335 3 71 62 0.7061
335 3 71 62 0.7061
335 3 71 62 0.7061
