96 0 186 32 0.8180
285 10 195 0 0.4727
289 7 19 4 0.4299
309 49 203 14 0.7785
284 18 194 2 0.5734
78 40 190 24 0.4646
271 10 177 20 0.3730
293 30 195 13 0.4087
97 29 203 25 0.6717
277 12 184 13 0.4643
313 40 216 9 0.8450
86 37 195 23 0.7487
288 14 195 12 0.5942
298 48 188 17 0.6926
81 33 197 34 0.7202
300 38 173 38 0.3256
91 28 191 18 0.8120
281 20 184 19 0.4279
318 51 189 27 0.7351
90 13 189 35 0.9205
310 22 210 25 0.1313
96 22 196 24 0.8846
292 31 194 14 0.6587
94 22 198 29 0.6669
313 4 220 36 0.2779
293 35 190 18 0.5758
281 18 187 11 0.4766
296 31 184 32 0.3753
280 14 183 26 0.7510
284 23 186 17 0.5327
79 21 172 6 0.7111
291 29 176 37 0.4189
330 52 206 23 0.7831
90 37 190 13 0.6216
83 39 185 15 0.7106
289 24 193 14 0.8078
79 42 179 11 0.7318
273 26 172 23 0.5179
291 2 201 10 0.2578
288 20 195 9 0.4990
89 37 191 16 0.7048
288 27 192 12 0.5869
81 46 195 21 0.7848
94 27 203 33 0.6450
84 40 195 23 0.8173
288 27 190 15 0.4526
71 47 193 27 0.8967
79 41 202 32 0.5682
304 26 197 30 0.8212
100 24 204 29 0.5849
102 10 197 28 0.6069
307 44 178 33 0.7342
337 50 193 34 0.5912
303 38 190 26 0.3133
284 19 194 1 0.4885
103 19 199 17 0.6000
288 23 185 28 0.3502
92 35 348 20 0.6674
92 35 348 20 0.6674
49 53 192 31 0.6311
49 53 192 31 0.6311
94 20 197 30 0.7298
94 20 197 30 0.7298
81 23 174 6 0.6428
81 23 174 6 0.6428
296 34 194 18 0.8273
296 34 194 18 0.8273
294 40 188 18 0.6121
294 40 188 18 0.6121
267 10 173 21 0.3918
267 10 173 21 0.3918
291 32 187 21 0.4722
291 32 187 21 0.4722
292 35 189 18 0.4453
292 35 189 18 0.4453
72 64 207 19 0.7161
72 64 207 19 0.7161
288 31 190 14 0.5840
288 31 190 14 0.5840
277 18 180 19 0.5216
277 18 180 19 0.5216
71 41 184 24 0.9155
71 41 184 24 0.9155
298 39 184 27 0.3891
298 39 184 27 0.3891
79 39 205 36 0.6190
79 39 205 36 0.6190
299 38 195 17 0.4933
299 38 195 17 0.4933
73 43 182 20 0.8453
73 43 182 20 0.8453
96 32 197 17 0.6780
96 32 197 17 0.6780
288 31 192 11 0.5071
288 31 192 11 0.5071
74 21 344 0 0.7544
74 21 344 0 0.7544
295 18 193 32 0.6932
295 18 193 32 0.6932
285 14 192 8 0.5673
285 14 192 8 0.5673
285 14 192 8 0.5673
289 24 193 13 0.6001
289 24 193 13 0.6001
289 24 193 13 0.6001
77 52 177 7 0.6075
77 52 177 7 0.6075
77 52 177 7 0.6075
94 38 199 18 0.6474
94 38 199 18 0.6474
94 38 199 18 0.6474
299 28 195 25 0.8830
299 28 195 25 0.8830
299 28 195 25 0.8830
71 30 180 29 0.9776
71 30 180 29 0.9776
71 30 180 29 0.9776
71 30 180 29 0.9776
297 37 194 17 0.9584
297 37 194 17 0.9584
297 37 194 17 0.9584
297 37 194 17 0.9584
290 35 194 8 0.6499
290 35 194 8 0.6499
290 35 194 8 0.6499
290 35 194 8 0.6499
82 35 189 23 0.8337
82 35 189 23 0.8337
82 35 189 23 0.8337
82 35 189 23 0.8337
307 38 195 25 0.8945
307 38 195 25 0.8945
307 38 195 25 0.8945
307 38 195 25 0.8945
301 40 193 20 0.7221
301 40 193 20 0.7221
301 40 193 20 0.7221
301 40 193 20 0.7221
288 15 192 19 0.2890
288 15 192 19 0.2890
288 15 192 19 0.2890
288 15 192 19 0.2890
283 12 189 15 0.5936
283 12 189 15 0.5936
283 12 189 15 0.5936
283 12 189 15 0.5936
82 29 189 28 0.8432
82 29 189 28 0.8432
82 29 189 28 0.8432
82 29 189 28 0.8432
82 29 189 28 0.8432
287 5 196 13 0.4065
287 5 196 13 0.4065
287 5 196 13 0.4065
287 5 196 13 0.4065
287 5 196 13 0.4065
302 41 190 24 0.9657
302 41 190 24 0.9657
302 41 190 24 0.9657
302 41 190 24 0.9657
302 41 190 24 0.9657
301 39 205 8 0.5519
301 39 205 8 0.5519
301 39 205 8 0.5519
301 39 205 8 0.5519
301 39 205 8 0.5519
85 56 191 11 0.6911
85 56 191 11 0.6911
85 56 191 11 0.6911
85 56 191 11 0.6911
85 56 191 11 0.6911
85 56 191 11 0.6911
284 14 14 2 0.6013
284 14 14 2 0.6013
284 14 14 2 0.6013
284 14 14 2 0.6013
284 14 14 2 0.6013
284 14 14 2 0.6013
300 43 193 17 0.6324
300 43 193 17 0.6324
300 43 193 17 0.6324
300 43 193 17 0.6324
300 43 193 17 0.6324
300 43 193 17 0.6324
288 26 194 8 0.5216
288 26 194 8 0.5216
288 26 194 8 0.5216
288 26 194 8 0.5216
288 26 194 8 0.5216
288 26 194 8 0.5216
288 26 194 8 0.5216
288 26 194 8 0.5216
331 60 198 22 0.7786
331 60 198 22 0.7786
331 60 198 22 0.7786
331 60 198 22 0.7786
331 60 198 22 0.7786
331 60 198 22 0.7786
331 60 198 22 0.7786
331 60 198 22 0.7786
